"Date","Value"
"06/02/1969",0.26
"06/03/1969",0.26
"06/04/1969",0.26
"06/05/1969",0.26
"06/06/1969",0.26
"06/09/1969",0.26
"06/10/1969",0.26
"06/11/1969",0.26
"06/12/1969",0.26
"06/13/1969",0.26
"06/16/1969",0.26
"06/17/1969",0.26
"06/18/1969",0.26
"06/19/1969",0.26
"06/20/1969",0.26
"06/23/1969",0.26
"06/24/1969",0.26
"06/25/1969",0.26
"06/26/1969",0.26
"06/27/1969",0.26
"06/30/1969",0.26
"07/01/1969",0.26
"07/02/1969",0.26
"07/03/1969",0.26
"07/07/1969",0.26
"07/08/1969",0.26
"07/09/1969",0.26
"07/10/1969",0.26
"07/11/1969",0.26
"07/14/1969",0.26
"07/15/1969",0.26
"07/16/1969",0.26
"07/17/1969",0.26
"07/18/1969",0.26
"07/22/1969",0.26
"07/23/1969",0.26
"07/24/1969",0.26
"07/25/1969",0.26
"07/28/1969",0.26
"07/29/1969",0.26
"07/30/1969",0.26
"07/31/1969",0.26
"08/01/1969",0.26
"08/04/1969",0.26
"08/05/1969",0.26
"08/06/1969",0.26
"08/07/1969",0.26
"08/08/1969",0.26
"08/11/1969",0.26
"08/12/1969",0.26
"08/13/1969",0.26
"08/14/1969",0.26
"08/15/1969",0.26
"08/18/1969",0.26
"08/19/1969",0.26
"08/20/1969",0.26
"08/21/1969",0.26
"08/22/1969",0.26
"08/25/1969",0.26
"08/26/1969",0.26
"08/27/1969",0.26
"08/28/1969",0.26
"08/29/1969",0.26
"09/02/1969",0.26
"09/03/1969",0.26
"09/04/1969",0.25
"09/05/1969",0.25
"09/08/1969",0.25
"09/09/1969",0.25
"09/10/1969",0.25
"09/11/1969",0.25
"09/12/1969",0.25
"09/15/1969",0.25
"09/16/1969",0.25
"09/17/1969",0.25
"09/18/1969",0.25
"09/19/1969",0.25
"09/22/1969",0.25
"09/23/1969",0.25
"09/24/1969",0.25
"09/25/1969",0.25
"09/26/1969",0.25
"09/29/1969",0.25
"09/30/1969",0.25
"10/01/1969",0.25
"10/02/1969",0.25
"10/03/1969",0.25
"10/06/1969",0.25
"10/07/1969",0.25
"10/08/1969",0.25
"10/09/1969",0.25
"10/10/1969",0.25
"10/13/1969",0.25
"10/14/1969",0.25
"10/15/1969",0.25
"10/16/1969",0.25
"10/17/1969",0.25
"10/20/1969",0.25
"10/21/1969",0.25
"10/22/1969",0.25
"10/23/1969",0.25
"10/24/1969",0.25
"10/27/1969",0.25
"10/28/1969",0.25
"10/29/1969",0.25
"10/30/1969",0.25
"10/31/1969",0.25
"11/03/1969",0.25
"11/04/1969",0.25
"11/05/1969",0.25
"11/06/1969",0.25
"11/07/1969",0.25
"11/10/1969",0.25
"11/11/1969",0.25
"11/12/1969",0.25
"11/13/1969",0.25
"11/14/1969",0.25
"11/17/1969",0.25
"11/18/1969",0.25
"11/19/1969",0.25
"11/20/1969",0.25
"11/21/1969",0.25
"11/24/1969",0.25
"11/25/1969",0.25
"11/26/1969",0.25
"11/28/1969",0.25
"12/01/1969",0.25
"12/02/1969",0.25
"12/03/1969",0.25
"12/04/1969",0.25
"12/05/1969",0.25
"12/08/1969",0.25
"12/09/1969",0.25
"12/10/1969",0.25
"12/11/1969",0.25
"12/12/1969",0.25
"12/15/1969",0.25
"12/16/1969",0.25
"12/17/1969",0.25
"12/18/1969",0.25
"12/19/1969",0.25
"12/22/1969",0.25
"12/23/1969",0.25
"12/24/1969",0.25
"12/26/1969",0.25
"12/29/1969",0.25
"12/30/1969",0.25
"12/31/1969",0.25
"01/02/1970",0.25
"01/05/1970",0.25
"01/06/1970",0.25
"01/07/1970",0.25
"01/08/1970",0.25
"01/09/1970",0.25
"01/12/1970",0.25
"01/13/1970",0.25
"01/14/1970",0.25
"01/15/1970",0.25
"01/16/1970",0.25
"01/19/1970",0.25
"01/20/1970",0.25
"01/21/1970",0.25
"01/22/1970",0.25
"01/23/1970",0.25
"01/26/1970",0.25
"01/27/1970",0.25
"01/28/1970",0.25
"01/29/1970",0.25
"01/30/1970",0.25
"02/02/1970",0.25
"02/03/1970",0.25
"02/04/1970",0.25
"02/05/1970",0.25
"02/06/1970",0.25
"02/09/1970",0.25
"02/10/1970",0.25
"02/11/1970",0.25
"02/12/1970",0.25
"02/13/1970",0.25
"02/16/1970",0.25
"02/17/1970",0.25
"02/18/1970",0.25
"02/19/1970",0.25
"02/20/1970",0.25
"02/24/1970",0.25
"02/25/1970",0.25
"02/26/1970",0.25
"02/27/1970",0.25
"03/02/1970",0.25
"03/03/1970",0.25
"03/04/1970",0.25
"03/05/1970",0.25
"03/06/1970",0.25
"03/09/1970",0.25
"03/10/1970",0.25
"03/11/1970",0.25
"03/12/1970",0.25
"03/13/1970",0.25
"03/16/1970",0.25
"03/17/1970",0.25
"03/18/1970",0.25
"03/19/1970",0.25
"03/20/1970",0.25
"03/23/1970",0.25
"03/24/1970",0.25
"03/25/1970",0.25
"03/26/1970",0.25
"03/30/1970",0.25
"03/31/1970",0.25
"04/01/1970",0.25
"04/02/1970",0.25
"04/03/1970",0.2525
"04/06/1970",0.2525
"04/07/1970",0.2525
"04/08/1970",0.2525
"04/09/1970",0.2525
"04/10/1970",0.2525
"04/13/1970",0.2525
"04/14/1970",0.2525
"04/15/1970",0.2525
"04/16/1970",0.2525
"04/17/1970",0.2525
"04/20/1970",0.2525
"04/21/1970",0.2525
"04/22/1970",0.2525
"04/23/1970",0.2525
"04/24/1970",0.2525
"04/27/1970",0.2525
"04/28/1970",0.2525
"04/29/1970",0.2525
"04/30/1970",0.2525
"05/01/1970",0.2525
"05/04/1970",0.2525
"05/05/1970",0.2525
"05/06/1970",0.2525
"05/07/1970",0.255
"05/08/1970",0.255
"05/11/1970",0.255
"05/12/1970",0.255
"05/13/1970",0.255
"05/14/1970",0.255
"05/15/1970",0.255
"05/18/1970",0.255
"05/19/1970",0.255
"05/20/1970",0.255
"05/21/1970",0.255
"05/22/1970",0.255
"05/25/1970",0.255
"05/26/1970",0.255
"05/27/1970",0.255
"05/28/1970",0.2575
"05/29/1970",0.2575
"06/01/1970",0.2575
"06/02/1970",0.2575
"06/03/1970",0.2575
"06/04/1970",0.2575
"06/05/1970",0.2575
"06/08/1970",0.2575
"06/09/1970",0.2575
"06/10/1970",0.2575
"06/11/1970",0.26
"06/12/1970",0.26
"06/15/1970",0.26
"06/16/1970",0.26
"06/17/1970",0.26
"06/18/1970",0.26
"06/19/1970",0.26
"06/22/1970",0.26
"06/23/1970",0.26
"06/24/1970",0.26
"06/25/1970",0.26
"06/26/1970",0.26
"06/29/1970",0.26
"06/30/1970",0.26
"07/01/1970",0.26
"07/02/1970",0.26
"07/06/1970",0.26
"07/07/1970",0.26
"07/08/1970",0.26
"07/09/1970",0.26
"07/10/1970",0.26
"07/13/1970",0.26
"07/14/1970",0.26
"07/15/1970",0.26
"07/16/1970",0.2625
"07/17/1970",0.2625
"07/20/1970",0.2625
"07/21/1970",0.2625
"07/22/1970",0.2625
"07/23/1970",0.2625
"07/24/1970",0.2625
"07/27/1970",0.2625
"07/28/1970",0.2625
"07/29/1970",0.2625
"07/30/1970",0.2625
"07/31/1970",0.2625
"08/03/1970",0.2625
"08/04/1970",0.2625
"08/05/1970",0.2625
"08/06/1970",0.2625
"08/07/1970",0.2625
"08/10/1970",0.2625
"08/11/1970",0.2625
"08/12/1970",0.2625
"08/13/1970",0.2625
"08/14/1970",0.2625
"08/17/1970",0.2625
"08/18/1970",0.2625
"08/19/1970",0.2625
"08/20/1970",0.2575
"08/21/1970",0.2575
"08/24/1970",0.2575
"08/25/1970",0.2575
"08/26/1970",0.2575
"08/27/1970",0.255
"08/28/1970",0.255
"08/31/1970",0.255
"09/01/1970",0.255
"09/02/1970",0.255
"09/03/1970",0.255
"09/04/1970",0.2525
"09/08/1970",0.2525
"09/09/1970",0.2525
"09/10/1970",0.2525
"09/11/1970",0.2525
"09/14/1970",0.2525
"09/15/1970",0.2525
"09/16/1970",0.2525
"09/17/1970",0.2525
"09/18/1970",0.2525
"09/21/1970",0.2525
"09/22/1970",0.2525
"09/23/1970",0.2525
"09/24/1970",0.2525
"09/25/1970",0.2525
"09/28/1970",0.2525
"09/29/1970",0.2525
"09/30/1970",0.2525
"10/01/1970",0.25
"10/02/1970",0.25
"10/05/1970",0.25
"10/06/1970",0.25
"10/07/1970",0.25
"10/08/1970",0.2475
"10/09/1970",0.2475
"10/12/1970",0.2475
"10/13/1970",0.2475
"10/14/1970",0.2475
"10/15/1970",0.25
"10/16/1970",0.25
"10/19/1970",0.25
"10/20/1970",0.25
"10/21/1970",0.25
"10/22/1970",0.25
"10/23/1970",0.25
"10/26/1970",0.25
"10/27/1970",0.25
"10/28/1970",0.25
"10/29/1970",0.25
"10/30/1970",0.25
"11/02/1970",0.25
"11/03/1970",0.25
"11/04/1970",0.25
"11/05/1970",0.25
"11/06/1970",0.25
"11/09/1970",0.25
"11/10/1970",0.25
"11/11/1970",0.25
"11/12/1970",0.25
"11/13/1970",0.25
"11/16/1970",0.25
"11/17/1970",0.25
"11/18/1970",0.25
"11/19/1970",0.25
"11/20/1970",0.25
"11/23/1970",0.25
"11/24/1970",0.25
"11/25/1970",0.25
"11/27/1970",0.25
"11/30/1970",0.25
"12/01/1970",0.25
"12/02/1970",0.25
"12/03/1970",0.25
"12/04/1970",0.25
"12/07/1970",0.25
"12/08/1970",0.25
"12/09/1970",0.25
"12/10/1970",0.25
"12/11/1970",0.25
"12/14/1970",0.25
"12/15/1970",0.25
"12/16/1970",0.25
"12/17/1970",0.25
"12/18/1970",0.25
"12/21/1970",0.25
"12/22/1970",0.25
"12/23/1970",0.25
"12/24/1970",0.25
"12/28/1970",0.25
"12/29/1970",0.25
"12/30/1970",0.25
"12/31/1970",0.25
"01/04/1971",0.25
"01/05/1971",0.25
"01/06/1971",0.25
"01/07/1971",0.25
"01/08/1971",0.25
"01/11/1971",0.25
"01/12/1971",0.25
"01/13/1971",0.25
"01/14/1971",0.25
"01/15/1971",0.25
"01/18/1971",0.25
"01/19/1971",0.25
"01/20/1971",0.25
"01/21/1971",0.25
"01/22/1971",0.25
"01/25/1971",0.25
"01/26/1971",0.25
"01/27/1971",0.25
"01/28/1971",0.2525
"01/29/1971",0.2525
"02/01/1971",0.2525
"02/02/1971",0.2525
"02/03/1971",0.2525
"02/04/1971",0.2575
"02/05/1971",0.2575
"02/08/1971",0.2575
"02/09/1971",0.2575
"02/10/1971",0.2575
"02/11/1971",0.2575
"02/12/1971",0.2575
"02/16/1971",0.2575
"02/17/1971",0.2575
"02/18/1971",0.2575
"02/19/1971",0.2575
"02/22/1971",0.2575
"02/23/1971",0.2575
"02/24/1971",0.2575
"02/25/1971",0.2575
"02/26/1971",0.2575
"03/01/1971",0.2575
"03/02/1971",0.2575
"03/03/1971",0.2575
"03/04/1971",0.2575
"03/05/1971",0.2575
"03/08/1971",0.2575
"03/09/1971",0.2575
"03/10/1971",0.2575
"03/11/1971",0.2575
"03/12/1971",0.2575
"03/15/1971",0.2575
"03/16/1971",0.2575
"03/17/1971",0.2575
"03/18/1971",0.2575
"03/19/1971",0.2575
"03/22/1971",0.2575
"03/23/1971",0.2575
"03/24/1971",0.2575
"03/25/1971",0.2575
"03/26/1971",0.2575
"03/29/1971",0.2575
"03/30/1971",0.2575
"03/31/1971",0.2575
"04/01/1971",0.2575
"04/02/1971",0.2575
"04/05/1971",0.2575
"04/06/1971",0.2575
"04/07/1971",0.2575
"04/08/1971",0.2575
"04/12/1971",0.2575
"04/13/1971",0.2575
"04/14/1971",0.2575
"04/15/1971",0.2575
"04/16/1971",0.2575
"04/19/1971",0.2575
"04/20/1971",0.2575
"04/21/1971",0.2575
"04/22/1971",0.26
"04/23/1971",0.26
"04/26/1971",0.26
"04/27/1971",0.26
"04/28/1971",0.26
"04/29/1971",0.26
"04/30/1971",0.26
"05/03/1971",0.26
"05/04/1971",0.26
"05/05/1971",0.26
"05/06/1971",0.26
"05/07/1971",0.26
"05/10/1971",0.26
"05/11/1971",0.26
"05/12/1971",0.26
"05/13/1971",0.26
"05/14/1971",0.26
"05/17/1971",0.26
"05/18/1971",0.26
"05/19/1971",0.26
"05/20/1971",0.26
"05/21/1971",0.26
"05/24/1971",0.26
"05/25/1971",0.26
"05/26/1971",0.265
"05/27/1971",0.265
"05/28/1971",0.265
"06/01/1971",0.265
"06/02/1971",0.265
"06/03/1971",0.265
"06/04/1971",0.265
"06/07/1971",0.265
"06/08/1971",0.265
"06/09/1971",0.265
"06/10/1971",0.265
"06/11/1971",0.2675
"06/14/1971",0.2675
"06/15/1971",0.2675
"06/16/1971",0.2675
"06/17/1971",0.27
"06/18/1971",0.27
"06/21/1971",0.27
"06/22/1971",0.27
"06/23/1971",0.27
"06/24/1971",0.27
"06/25/1971",0.27
"06/28/1971",0.27
"06/29/1971",0.27
"06/30/1971",0.27
"07/01/1971",0.27
"07/02/1971",0.27
"07/06/1971",0.27
"07/07/1971",0.27
"07/08/1971",0.27
"07/09/1971",0.27
"07/12/1971",0.27
"07/13/1971",0.27
"07/14/1971",0.27
"07/15/1971",0.2725
"07/16/1971",0.2725
"07/19/1971",0.2725
"07/20/1971",0.2725
"07/21/1971",0.2725
"07/22/1971",0.275
"07/23/1971",0.275
"07/26/1971",0.275
"07/27/1971",0.275
"07/28/1971",0.275
"07/29/1971",0.275
"07/30/1971",0.275
"08/02/1971",0.287
"08/03/1971",0.287
"08/04/1971",0.287
"08/05/1971",0.287
"08/06/1971",0.287
"08/09/1971",0.287
"08/10/1971",0.287
"08/11/1971",0.287
"08/12/1971",0.287
"08/13/1971",0.287
"08/16/1971",0.287
"08/17/1971",0.287
"08/18/1971",0.287
"08/19/1971",0.287
"08/20/1971",0.287
"08/23/1971",0.287
"08/24/1971",0.287
"08/25/1971",0.287
"08/26/1971",0.2895
"08/27/1971",0.2895
"08/30/1971",0.2895
"08/31/1971",0.2895
"09/01/1971",0.2895
"09/02/1971",0.2895
"09/03/1971",0.2895
"09/07/1971",0.2895
"09/08/1971",0.2895
"09/09/1971",0.2895
"09/10/1971",0.2895
"09/13/1971",0.2895
"09/14/1971",0.2895
"09/15/1971",0.2895
"09/16/1971",0.292
"09/17/1971",0.292
"09/20/1971",0.292
"09/21/1971",0.292
"09/22/1971",0.292
"09/23/1971",0.292
"09/24/1971",0.292
"09/27/1971",0.292
"09/28/1971",0.292
"09/29/1971",0.292
"09/30/1971",0.2945
"10/01/1971",0.2945
"10/04/1971",0.2945
"10/05/1971",0.2945
"10/06/1971",0.2945
"10/07/1971",0.297
"10/08/1971",0.297
"10/11/1971",0.297
"10/12/1971",0.297
"10/13/1971",0.297
"10/14/1971",0.297
"10/15/1971",0.297
"10/18/1971",0.297
"10/19/1971",0.297
"10/20/1971",0.297
"10/21/1971",0.2995
"10/22/1971",0.2995
"10/25/1971",0.2995
"10/26/1971",0.2995
"10/27/1971",0.2995
"10/28/1971",0.2995
"10/29/1971",0.2995
"11/01/1971",0.2995
"11/02/1971",0.2995
"11/03/1971",0.2995
"11/04/1971",0.2995
"11/05/1971",0.2995
"11/08/1971",0.2995
"11/09/1971",0.2995
"11/10/1971",0.2995
"11/11/1971",0.3005
"11/12/1971",0.3005
"11/15/1971",0.3005
"11/16/1971",0.3005
"11/17/1971",0.3005
"11/18/1971",0.3005
"11/19/1971",0.3005
"11/22/1971",0.3005
"11/23/1971",0.3005
"11/24/1971",0.3005
"11/26/1971",0.3005
"11/29/1971",0.3005
"11/30/1971",0.3005
"12/01/1971",0.3005
"12/02/1971",0.303
"12/03/1971",0.303
"12/06/1971",0.303
"12/07/1971",0.303
"12/08/1971",0.303
"12/09/1971",0.313
"12/10/1971",0.313
"12/13/1971",0.313
"12/14/1971",0.323
"12/15/1971",0.323
"12/16/1971",0.333
"12/17/1971",0.333
"12/20/1971",0.335
"12/21/1971",0.335
"12/22/1971",0.335
"12/23/1971",0.3375
"12/27/1971",0.3375
"12/28/1971",0.3375
"12/29/1971",0.3375
"12/30/1971",0.34
"12/31/1971",0.34
"01/03/1972",0.34
"01/04/1972",0.34
"01/05/1972",0.34
"01/06/1972",0.346
"01/07/1972",0.346
"01/10/1972",0.346
"01/11/1972",0.346
"01/12/1972",0.346
"01/13/1972",0.346
"01/14/1972",0.35
"01/17/1972",0.35
"01/18/1972",0.35
"01/19/1972",0.35
"01/20/1972",0.355
"01/21/1972",0.355
"01/24/1972",0.355
"01/25/1972",0.355
"01/26/1972",0.355
"01/27/1972",0.357
"01/28/1972",0.357
"01/31/1972",0.357
"02/01/1972",0.357
"02/02/1972",0.357
"02/03/1972",0.357
"02/04/1972",0.357
"02/07/1972",0.357
"02/08/1972",0.357
"02/09/1972",0.357
"02/10/1972",0.357
"02/11/1972",0.357
"02/14/1972",0.357
"02/15/1972",0.357
"02/16/1972",0.357
"02/17/1972",0.357
"02/18/1972",0.357
"02/22/1972",0.357
"02/23/1972",0.357
"02/24/1972",0.357
"02/25/1972",0.357
"02/28/1972",0.357
"02/29/1972",0.357
"03/01/1972",0.357
"03/02/1972",0.357
"03/03/1972",0.357
"03/06/1972",0.357
"03/07/1972",0.357
"03/08/1972",0.357
"03/09/1972",0.357
"03/10/1972",0.357
"03/13/1972",0.357
"03/14/1972",0.357
"03/15/1972",0.357
"03/16/1972",0.362
"03/17/1972",0.362
"03/20/1972",0.362
"03/21/1972",0.362
"03/22/1972",0.362
"03/23/1972",0.3734
"03/24/1972",0.3745
"03/27/1972",0.3745
"03/28/1972",0.3745
"03/29/1972",0.3745
"03/30/1972",0.3795
"04/03/1972",0.3795
"04/04/1972",0.3795
"04/05/1972",0.3795
"04/06/1972",0.3885
"04/07/1972",0.3885
"04/10/1972",0.3885
"04/11/1972",0.3885
"04/12/1972",0.3885
"04/13/1972",0.3885
"04/14/1972",0.3885
"04/17/1972",0.3885
"04/18/1972",0.3885
"04/19/1972",0.3885
"04/20/1972",0.3885
"04/21/1972",0.3885
"04/24/1972",0.3885
"04/25/1972",0.3885
"04/26/1972",0.3885
"04/27/1972",0.4
"04/28/1972",0.4
"05/01/1972",0.4
"05/02/1972",0.4
"05/03/1972",0.4
"05/04/1972",0.4
"05/05/1972",0.4
"05/08/1972",0.4
"05/09/1972",0.4
"05/10/1972",0.4
"05/11/1972",0.4
"05/12/1972",0.4025
"05/15/1972",0.4025
"05/16/1972",0.4025
"05/17/1972",0.4025
"05/18/1972",0.3925
"05/19/1972",0.3925
"05/22/1972",0.3925
"05/23/1972",0.3925
"05/24/1972",0.3925
"05/25/1972",0.4025
"05/26/1972",0.4025
"05/30/1972",0.4025
"05/31/1972",0.4025
"06/01/1972",0.3925
"06/02/1972",0.3925
"06/05/1972",0.3925
"06/06/1972",0.3925
"06/07/1972",0.3925
"06/08/1972",0.385
"06/09/1972",0.385
"06/12/1972",0.385
"06/13/1972",0.385
"06/14/1972",0.385
"06/15/1972",0.385
"06/16/1972",0.38
"06/19/1972",0.38
"06/20/1972",0.38
"06/21/1972",0.38
"06/22/1972",0.3775
"06/23/1972",0.3775
"06/26/1972",0.3775
"06/27/1972",0.3775
"06/28/1972",0.3775
"06/29/1972",0.3775
"06/30/1972",0.3775
"07/03/1972",0.3775
"07/05/1972",0.3775
"07/06/1972",0.3775
"07/07/1972",0.3775
"07/10/1972",0.3775
"07/11/1972",0.3775
"07/12/1972",0.3775
"07/13/1972",0.3625
"07/14/1972",0.3625
"07/17/1972",0.3675
"07/18/1972",0.3625
"07/19/1972",0.3625
"07/20/1972",0.3525
"07/21/1972",0.3525
"07/24/1972",0.3525
"07/25/1972",0.3525
"07/26/1972",0.3525
"07/27/1972",0.3495
"07/28/1972",0.3495
"07/31/1972",0.3495
"08/01/1972",0.3495
"08/02/1972",0.3495
"08/03/1972",0.3495
"08/04/1972",0.3495
"08/07/1972",0.3495
"08/08/1972",0.3495
"08/09/1972",0.3495
"08/10/1972",0.3475
"08/11/1972",0.3475
"08/14/1972",0.3475
"08/15/1972",0.3475
"08/16/1972",0.3475
"08/17/1972",0.3425
"08/18/1972",0.3425
"08/21/1972",0.3425
"08/22/1972",0.3425
"08/23/1972",0.3425
"08/24/1972",0.3225
"08/25/1972",0.3225
"08/28/1972",0.3225
"08/29/1972",0.3225
"08/30/1972",0.3225
"08/31/1972",0.3125
"09/01/1972",0.3125
"09/05/1972",0.3125
"09/06/1972",0.3125
"09/07/1972",0.3075
"09/08/1972",0.3075
"09/11/1972",0.3075
"09/12/1972",0.3075
"09/13/1972",0.2925
"09/14/1972",0.2875
"09/15/1972",0.2875
"09/18/1972",0.2875
"09/19/1972",0.2875
"09/20/1972",0.2875
"09/21/1972",0.2775
"09/22/1972",0.2775
"09/25/1972",0.2775
"09/26/1972",0.2775
"09/27/1972",0.2775
"09/28/1972",0.275
"09/29/1972",0.275
"10/02/1972",0.275
"10/03/1972",0.275
"10/04/1972",0.275
"10/05/1972",0.27
"10/06/1972",0.27
"10/09/1972",0.27
"10/10/1972",0.27
"10/11/1972",0.27
"10/12/1972",0.27
"10/13/1972",0.27
"10/16/1972",0.27
"10/17/1972",0.27
"10/18/1972",0.27
"10/19/1972",0.27
"10/20/1972",0.27
"10/23/1972",0.27
"10/24/1972",0.27
"10/25/1972",0.27
"10/26/1972",0.2775
"10/27/1972",0.2775
"10/30/1972",0.2775
"10/31/1972",0.285
"11/01/1972",0.285
"11/02/1972",0.285
"11/03/1972",0.285
"11/06/1972",0.285
"11/08/1972",0.285
"11/09/1972",0.29
"11/10/1972",0.29
"11/13/1972",0.295
"11/14/1972",0.295
"11/15/1972",0.295
"11/16/1972",0.31
"11/17/1972",0.31
"11/20/1972",0.31
"11/21/1972",0.31
"11/22/1972",0.32
"11/24/1972",0.32
"11/27/1972",0.32
"11/28/1972",0.32
"11/29/1972",0.32
"11/30/1972",0.315
"12/01/1972",0.315
"12/04/1972",0.315
"12/05/1972",0.315
"12/06/1972",0.315
"12/07/1972",0.3155
"12/08/1972",0.315
"12/11/1972",0.315
"12/12/1972",0.315
"12/13/1972",0.315
"12/14/1972",0.33
"12/15/1972",0.33
"12/18/1972",0.33
"12/19/1972",0.33
"12/20/1972",0.33
"12/21/1972",0.33
"12/22/1972",0.33
"12/26/1972",0.33
"12/27/1972",0.33
"12/29/1972",0.33
"01/02/1973",0.33
"01/03/1973",0.345
"01/04/1973",0.345
"01/05/1973",0.345
"01/08/1973",0.345
"01/09/1973",0.345
"01/10/1973",0.36
"01/11/1973",0.36
"01/12/1973",0.36
"01/15/1973",0.36
"01/16/1973",0.36
"01/17/1973",0.36
"01/18/1973",0.36
"01/19/1973",0.36
"01/22/1973",0.36
"01/23/1973",0.36
"01/24/1973",0.36
"01/26/1973",0.36
"01/29/1973",0.36
"01/30/1973",0.36
"01/31/1973",0.36
"02/01/1973",0.36
"02/02/1973",0.36
"02/05/1973",0.36
"02/06/1973",0.36
"02/07/1973",0.36
"02/08/1973",0.36
"02/09/1973",0.36
"02/12/1973",0.36
"02/13/1973",0.36
"02/14/1973",0.36
"02/15/1973",0.365
"02/16/1973",0.365
"02/20/1973",0.365
"02/21/1973",0.365
"02/22/1973",0.365
"02/23/1973",0.365
"02/26/1973",0.365
"02/27/1973",0.365
"02/28/1973",0.365
"03/01/1973",0.37
"03/02/1973",0.37
"03/05/1973",0.37
"03/06/1973",0.37
"03/07/1973",0.37
"03/08/1973",0.38
"03/09/1973",0.38
"03/12/1973",0.38
"03/13/1973",0.38
"03/14/1973",0.38
"03/15/1973",0.38
"03/16/1973",0.38
"03/19/1973",0.38
"03/20/1973",0.38
"03/21/1973",0.38
"03/22/1973",0.39
"03/23/1973",0.39
"03/26/1973",0.39
"03/27/1973",0.395
"03/28/1973",0.395
"03/29/1973",0.395
"03/30/1973",0.395
"04/02/1973",0.395
"04/03/1973",0.395
"04/04/1973",0.395
"04/05/1973",0.405
"04/06/1973",0.405
"04/09/1973",0.405
"04/10/1973",0.4175
"04/11/1973",0.4175
"04/12/1973",0.4175
"04/13/1973",0.4175
"04/16/1973",0.4175
"04/17/1973",0.4175
"04/18/1973",0.4175
"04/19/1973",0.4325
"04/23/1973",0.4325
"04/24/1973",0.4625
"04/25/1973",0.4625
"04/26/1973",0.4625
"04/27/1973",0.4625
"04/30/1973",0.4625
"05/01/1973",0.4625
"05/02/1973",0.4625
"05/03/1973",0.4725
"05/04/1973",0.4725
"05/07/1973",0.4725
"05/08/1973",0.4725
"05/09/1973",0.4725
"05/10/1973",0.4725
"05/11/1973",0.4825
"05/14/1973",0.4825
"05/15/1973",0.4825
"05/16/1973",0.4825
"05/17/1973",0.4775
"05/18/1973",0.4775
"05/21/1973",0.4775
"05/22/1973",0.4775
"05/23/1973",0.4775
"05/24/1973",0.4825
"05/25/1973",0.4825
"05/29/1973",0.4825
"05/30/1973",0.4825
"05/31/1973",0.4925
"06/01/1973",0.4925
"06/04/1973",0.4925
"06/05/1973",0.4925
"06/06/1973",0.4925
"06/07/1973",0.4825
"06/08/1973",0.4825
"06/11/1973",0.4875
"06/12/1973",0.4825
"06/13/1973",0.4825
"06/14/1973",0.4825
"06/15/1973",0.4825
"06/18/1973",0.4825
"06/19/1973",0.4825
"06/20/1973",0.4825
"06/21/1973",0.4825
"06/22/1973",0.4825
"06/25/1973",0.4825
"06/26/1973",0.4825
"06/27/1973",0.4825
"06/28/1973",0.5025
"06/29/1973",0.5025
"07/02/1973",0.5025
"07/03/1973",0.5025
"07/05/1973",0.535
"07/06/1973",0.5325
"07/09/1973",0.5325
"07/10/1973",0.5125
"07/11/1973",0.5125
"07/12/1973",0.5125
"07/13/1973",0.5125
"07/16/1973",0.5125
"07/17/1973",0.5125
"07/18/1973",0.5125
"07/19/1973",0.5475
"07/20/1973",0.5475
"07/23/1973",0.5475
"07/24/1973",0.5875
"07/25/1973",0.5875
"07/26/1973",0.5875
"07/27/1973",0.5875
"07/30/1973",0.5875
"07/31/1973",0.5875
"08/01/1973",0.5875
"08/02/1973",0.57
"08/03/1973",0.57
"08/06/1973",0.57
"08/07/1973",0.57
"08/08/1973",0.6175
"08/09/1973",0.6175
"08/10/1973",0.6275
"08/13/1973",0.6275
"08/14/1973",0.6575
"08/15/1973",0.6575
"08/16/1973",0.6875
"08/17/1973",0.6875
"08/20/1973",0.6875
"08/21/1973",0.7275
"08/22/1973",0.7275
"08/23/1973",0.7675
"08/24/1973",0.7675
"08/27/1973",0.7675
"08/28/1973",0.7675
"08/29/1973",0.7675
"08/30/1973",0.8175
"08/31/1973",0.8175
"09/04/1973",0.8575
"09/05/1973",0.8575
"09/06/1973",0.8575
"09/07/1973",0.8575
"09/10/1973",0.8275
"09/11/1973",0.8275
"09/12/1973",0.7875
"09/13/1973",0.8075
"09/14/1973",0.8275
"09/17/1973",0.8475
"09/18/1973",0.8675
"09/19/1973",0.8875
"09/20/1973",0.9075
"09/21/1973",0.9275
"09/24/1973",0.9275
"09/25/1973",0.8575
"09/26/1973",0.8375
"09/27/1973",0.8325
"09/28/1973",0.8455
"10/01/1973",0.8305
"10/02/1973",0.8305
"10/03/1973",0.817
"10/04/1973",0.8225
"10/05/1973",0.8215
"10/08/1973",0.8215
"10/09/1973",0.8492
"10/10/1973",0.8692
"10/11/1973",0.8395
"10/12/1973",0.8475
"10/15/1973",0.8285
"10/16/1973",0.8485
"10/17/1973",0.829
"10/18/1973",0.8135
"10/19/1973",0.7945
"10/22/1973",0.7945
"10/23/1973",0.7747
"10/24/1973",0.7547
"10/25/1973",0.7197
"10/26/1973",0.6997
"10/29/1973",0.6797
"10/30/1973",0.67
"10/31/1973",0.68
"11/01/1973",0.665
"11/02/1973",0.659
"11/05/1973",0.6802
"11/06/1973",0.6802
"11/07/1973",0.7002
"11/08/1973",0.7002
"11/09/1973",0.7105
"11/12/1973",0.725
"11/13/1973",0.707
"11/14/1973",0.687
"11/15/1973",0.684
"11/16/1973",0.692
"11/19/1973",0.6928
"11/20/1973",0.669
"11/21/1973",0.69
"11/23/1973",0.71
"11/26/1973",0.697
"11/27/1973",0.6995
"11/28/1973",0.7197
"11/29/1973",0.7397
"11/30/1973",0.7197
"12/03/1973",0.739
"12/04/1973",0.7245
"12/05/1973",0.7395
"12/06/1973",0.7597
"12/07/1973",0.7797
"12/10/1973",0.7997
"12/11/1973",0.8205
"12/12/1973",0.801
"12/13/1973",0.793
"12/14/1973",0.79
"12/17/1973",0.7884
"12/18/1973",0.8084
"12/19/1973",0.822
"12/20/1973",0.847
"12/21/1973",0.8625
"12/24/1973",0.8625
"12/26/1973",0.8833
"12/27/1973",0.9033
"12/28/1973",0.885
"12/31/1973",0.8833
"01/02/1974",0.8675
"01/03/1974",0.8475
"01/04/1974",0.846
"01/07/1974",0.8668
"01/08/1974",0.869
"01/09/1974",0.849
"01/10/1974",0.8695
"01/11/1974",0.855
"01/14/1974",0.8829
"01/15/1974",0.8835
"01/16/1974",0.884
"01/17/1974",0.8545
"01/18/1974",0.8345
"01/21/1974",0.8145
"01/22/1974",0.7945
"01/23/1974",0.7745
"01/24/1974",0.7945
"01/25/1974",0.775
"01/28/1974",0.7557
"01/29/1974",0.7357
"01/30/1974",0.7157
"01/31/1974",0.705
"02/01/1974",0.726
"02/04/1974",0.737
"02/05/1974",0.7172
"02/06/1974",0.706
"02/07/1974",0.736
"02/08/1974",0.756
"02/11/1974",0.7715
"02/12/1974",0.752
"02/13/1974",0.738
"02/14/1974",0.718
"02/15/1974",0.698
"02/19/1974",0.678
"02/20/1974",0.698
"02/21/1974",0.7282
"02/22/1974",0.7282
"02/25/1974",0.751
"02/26/1974",0.731
"02/27/1974",0.711
"02/28/1974",0.691
"03/01/1974",0.711
"03/04/1974",0.703
"03/05/1974",0.7125
"03/06/1974",0.7
"03/07/1974",0.6915
"03/08/1974",0.698
"03/11/1974",0.68
"03/12/1974",0.66
"03/13/1974",0.64
"03/14/1974",0.632
"03/15/1974",0.6326
"03/18/1974",0.6137
"03/19/1974",0.6337
"03/20/1974",0.6465
"03/21/1974",0.65
"03/22/1974",0.6702
"03/25/1974",0.6502
"03/26/1974",0.647
"03/27/1974",0.6585
"03/28/1974",0.6875
"03/29/1974",0.6765
"04/01/1974",0.662
"04/02/1974",0.6437
"04/03/1974",0.6637
"04/04/1974",0.6675
"04/05/1974",0.67
"04/08/1974",0.6575
"04/09/1974",0.641
"04/10/1974",0.658
"04/11/1974",0.678
"04/15/1974",0.698
"04/16/1974",0.705
"04/17/1974",0.71
"04/18/1974",0.716
"04/19/1974",0.697
"04/22/1974",0.697
"04/23/1974",0.7115
"04/24/1974",0.686
"04/25/1974",0.685
"04/26/1974",0.704
"04/29/1974",0.703
"04/30/1974",0.695
"05/01/1974",0.6753
"05/02/1974",0.653
"05/03/1974",0.642
"05/06/1974",0.623
"05/07/1974",0.618
"05/08/1974",0.615
"05/09/1974",0.6125
"05/10/1974",0.624
"05/13/1974",0.6042
"05/14/1974",0.5842
"05/15/1974",0.58
"05/16/1974",0.579
"05/17/1974",0.5665
"05/20/1974",0.5335
"05/21/1974",0.5335
"05/22/1974",0.558
"05/23/1974",0.541
"05/24/1974",0.537
"05/28/1974",0.5335
"05/29/1974",0.552
"05/30/1974",0.558
"05/31/1974",0.5695
"06/03/1974",0.5745
"06/04/1974",0.5945
"06/05/1974",0.6146
"06/06/1974",0.592
"06/07/1974",0.6
"06/10/1974",0.604
"06/11/1974",0.5857
"06/12/1974",0.5657
"06/13/1974",0.551
"06/14/1974",0.561
"06/17/1974",0.564
"06/18/1974",0.574
"06/19/1974",0.5575
"06/20/1974",0.557
"06/21/1974",0.5725
"06/24/1974",0.5875
"06/25/1974",0.564
"06/26/1974",0.5625
"06/27/1974",0.5565
"06/28/1974",0.562
"07/01/1974",0.582
"07/02/1974",0.5701
"07/03/1974",0.5752
"07/05/1974",0.5825
"07/08/1974",0.579
"07/09/1974",0.551
"07/10/1974",0.5515
"07/11/1974",0.542
"07/12/1974",0.5395
"07/15/1974",0.5515
"07/16/1974",0.55
"07/17/1974",0.5485
"07/18/1974",0.566
"07/19/1974",0.5635
"07/22/1974",0.5835
"07/23/1974",0.592
"07/24/1974",0.612
"07/25/1974",0.582
"07/26/1974",0.572
"07/29/1974",0.5925
"07/30/1974",0.5725
"07/31/1974",0.566
"08/01/1974",0.546
"08/02/1974",0.528
"08/05/1974",0.5375
"08/06/1974",0.537
"08/07/1974",0.544
"08/08/1974",0.526
"08/09/1974",0.521
"08/12/1974",0.515
"08/13/1974",0.535
"08/14/1974",0.524
"08/15/1974",0.5125
"08/16/1974",0.517
"08/19/1974",0.507
"08/20/1974",0.4975
"08/21/1974",0.5015
"08/22/1974",0.502
"08/23/1974",0.505
"08/26/1974",0.486
"08/27/1974",0.487
"08/28/1974",0.492
"08/29/1974",0.49
"08/30/1974",0.499
"09/03/1974",0.4975
"09/04/1974",0.504
"09/05/1974",0.511
"09/06/1974",0.519
"09/09/1974",0.5085
"09/10/1974",0.494
"09/11/1974",0.5005
"09/12/1974",0.485
"09/13/1974",0.485
"09/16/1974",0.4775
"09/17/1974",0.475
"09/18/1974",0.4745
"09/19/1974",0.4805
"09/20/1974",0.4745
"09/23/1974",0.469
"09/24/1974",0.4815
"09/25/1974",0.4835
"09/26/1974",0.482
"09/27/1974",0.4915
"09/30/1974",0.5115
"10/01/1974",0.4915
"10/02/1974",0.502
"10/03/1974",0.518
"10/04/1974",0.51
"10/07/1974",0.49
"10/08/1974",0.481
"10/09/1974",0.49
"10/10/1974",0.481
"10/11/1974",0.461
"10/14/1974",0.4565
"10/15/1974",0.457
"10/16/1974",0.4505
"10/17/1974",0.459
"10/18/1974",0.4595
"10/21/1974",0.459
"10/22/1974",0.4485
"10/23/1974",0.4335
"10/24/1974",0.4285
"10/25/1974",0.4345
"10/28/1974",0.429
"10/29/1974",0.4435
"10/30/1974",0.447
"10/31/1974",0.4435
"11/01/1974",0.436
"11/04/1974",0.446
"11/05/1974",0.446
"11/06/1974",0.4385
"11/07/1974",0.437
"11/08/1974",0.436
"11/11/1974",0.4335
"11/12/1974",0.414
"11/13/1974",0.4165
"11/14/1974",0.4145
"11/15/1974",0.4025
"11/18/1974",0.3705
"11/19/1974",0.41
"11/20/1974",0.424
"11/21/1974",0.4055
"11/22/1974",0.4045
"11/25/1974",0.4095
"11/26/1974",0.422
"11/27/1974",0.4215
"11/29/1974",0.4205
"12/02/1974",0.4131
"12/03/1974",0.418
"12/04/1974",0.414
"12/05/1974",0.4095
"12/06/1974",0.41
"12/09/1974",0.4155
"12/10/1974",0.42
"12/11/1974",0.41
"12/12/1974",0.405
"12/13/1974",0.3965
"12/16/1974",0.394
"12/17/1974",0.3855
"12/18/1974",0.3905
"12/19/1974",0.3875
"12/20/1974",0.386
"12/23/1974",0.375
"12/24/1974",0.3745
"12/26/1974",0.373
"12/27/1974",0.3755
"12/30/1974",0.3725
"12/31/1974",0.3735
"01/02/1975",0.3895
"01/03/1975",0.3815
"01/06/1975",0.385
"01/07/1975",0.3835
"01/08/1975",0.387
"01/09/1975",0.393
"01/10/1975",0.393
"01/13/1975",0.3855
"01/14/1975",0.3995
"01/15/1975",0.3865
"01/16/1975",0.387
"01/17/1975",0.3855
"01/20/1975",0.3995
"01/21/1975",0.3945
"01/22/1975",0.394
"01/23/1975",0.3845
"01/24/1975",0.386
"01/27/1975",0.3965
"01/28/1975",0.392
"01/29/1975",0.396
"01/30/1975",0.397
"01/31/1975",0.3975
"02/03/1975",0.405
"02/04/1975",0.405
"02/05/1975",0.4005
"02/06/1975",0.393
"02/07/1975",0.3935
"02/10/1975",0.392
"02/11/1975",0.393
"02/12/1975",0.395
"02/13/1975",0.3965
"02/14/1975",0.3945
"02/18/1975",0.3925
"02/19/1975",0.381
"02/20/1975",0.386
"02/21/1975",0.38
"02/24/1975",0.387
"02/25/1975",0.389
"02/26/1975",0.398
"02/27/1975",0.3935
"02/28/1975",0.3915
"03/03/1975",0.3975
"03/04/1975",0.393
"03/05/1975",0.3955
"03/06/1975",0.402
"03/07/1975",0.4045
"03/10/1975",0.4055
"03/11/1975",0.4065
"03/12/1975",0.4025
"03/13/1975",0.394
"03/14/1975",0.397
"03/17/1975",0.3975
"03/18/1975",0.3915
"03/19/1975",0.395
"03/20/1975",0.3945
"03/21/1975",0.4
"03/24/1975",0.4025
"03/25/1975",0.4085
"03/26/1975",0.411
"03/27/1975",0.4095
"03/31/1975",0.416
"04/01/1975",0.4175
"04/02/1975",0.4215
"04/03/1975",0.4175
"04/04/1975",0.416
"04/07/1975",0.4125
"04/08/1975",0.4175
"04/09/1975",0.415
"04/10/1975",0.4125
"04/11/1975",0.4095
"04/14/1975",0.415
"04/15/1975",0.414
"04/16/1975",0.4165
"04/17/1975",0.4225
"04/18/1975",0.4275
"04/21/1975",0.44
"04/22/1975",0.43
"04/23/1975",0.433
"04/24/1975",0.433
"04/25/1975",0.4315
"04/28/1975",0.437
"04/29/1975",0.4395
"04/30/1975",0.442
"05/01/1975",0.431
"05/02/1975",0.4345
"05/05/1975",0.4315
"05/06/1975",0.436
"05/07/1975",0.4385
"05/08/1975",0.437
"05/09/1975",0.4395
"05/12/1975",0.441
"05/13/1975",0.444
"05/14/1975",0.4295
"05/15/1975",0.4305
"05/16/1975",0.4405
"05/19/1975",0.433
"05/20/1975",0.439
"05/21/1975",0.439
"05/22/1975",0.441
"05/23/1975",0.437
"05/27/1975",0.424
"05/28/1975",0.421
"05/29/1975",0.4325
"05/30/1975",0.4315
"06/02/1975",0.4295
"06/03/1975",0.426
"06/04/1975",0.4295
"06/05/1975",0.4395
"06/06/1975",0.437
"06/09/1975",0.447
"06/10/1975",0.446
"06/11/1975",0.4465
"06/12/1975",0.4445
"06/13/1975",0.4415
"06/16/1975",0.447
"06/17/1975",0.455
"06/18/1975",0.4535
"06/19/1975",0.4595
"06/20/1975",0.462
"06/23/1975",0.461
"06/24/1975",0.478
"06/25/1975",0.4755
"06/26/1975",0.4695
"06/27/1975",0.471
"06/30/1975",0.475
"07/01/1975",0.4595
"07/02/1975",0.4665
"07/03/1975",0.472
"07/07/1975",0.4775
"07/08/1975",0.4715
"07/09/1975",0.471
"07/10/1975",0.466
"07/11/1975",0.473
"07/14/1975",0.4675
"07/15/1975",0.4685
"07/16/1975",0.469
"07/17/1975",0.4705
"07/18/1975",0.471
"07/21/1975",0.4775
"07/22/1975",0.4765
"07/23/1975",0.4745
"07/24/1975",0.4775
"07/25/1975",0.484
"07/28/1975",0.493
"07/29/1975",0.492
"07/30/1975",0.4835
"07/31/1975",0.485
"08/01/1975",0.486
"08/04/1975",0.4935
"08/05/1975",0.489
"08/06/1975",0.4915
"08/07/1975",0.4915
"08/08/1975",0.4825
"08/11/1975",0.482
"08/12/1975",0.4995
"08/13/1975",0.4965
"08/14/1975",0.507
"08/15/1975",0.507
"08/18/1975",0.504
"08/19/1975",0.5105
"08/20/1975",0.51
"08/21/1975",0.5085
"08/22/1975",0.512
"08/25/1975",0.5205
"08/26/1975",0.5155
"08/27/1975",0.526
"08/28/1975",0.522
"08/29/1975",0.526
"09/02/1975",0.5135
"09/03/1975",0.5175
"09/04/1975",0.5105
"09/05/1975",0.513
"09/08/1975",0.505
"09/09/1975",0.505
"09/10/1975",0.5195
"09/11/1975",0.5165
"09/12/1975",0.518
"09/15/1975",0.516
"09/16/1975",0.523
"09/17/1975",0.521
"09/18/1975",0.5265
"09/19/1975",0.5315
"09/22/1975",0.5515
"09/23/1975",0.5405
"09/24/1975",0.5445
"09/25/1975",0.559
"09/26/1975",0.561
"09/29/1975",0.555
"09/30/1975",0.561
"10/01/1975",0.5675
"10/02/1975",0.5515
"10/03/1975",0.558
"10/06/1975",0.5485
"10/07/1975",0.5375
"10/08/1975",0.5405
"10/09/1975",0.538
"10/10/1975",0.5315
"10/13/1975",0.5315
"10/14/1975",0.5115
"10/15/1975",0.5101
"10/16/1975",0.529
"10/17/1975",0.523
"10/20/1975",0.503
"10/21/1975",0.509
"10/22/1975",0.514
"10/23/1975",0.509
"10/24/1975",0.5155
"10/27/1975",0.514
"10/28/1975",0.5155
"10/29/1975",0.5195
"10/30/1975",0.5165
"10/31/1975",0.514
"11/03/1975",0.506
"11/04/1975",0.506
"11/05/1975",0.5075
"11/06/1975",0.509
"11/07/1975",0.509
"11/10/1975",0.509
"11/11/1975",0.515
"11/12/1975",0.515
"11/13/1975",0.517
"11/14/1975",0.526
"11/17/1975",0.5345
"11/18/1975",0.5265
"11/19/1975",0.5375
"11/20/1975",0.527
"11/21/1975",0.5275
"11/24/1975",0.537
"11/25/1975",0.5485
"11/26/1975",0.558
"11/28/1975",0.558
"12/01/1975",0.539
"12/02/1975",0.5405
"12/03/1975",0.5405
"12/04/1975",0.5395
"12/05/1975",0.5395
"12/08/1975",0.5515
"12/09/1975",0.5455
"12/10/1975",0.548
"12/11/1975",0.564
"12/12/1975",0.563
"12/15/1975",0.5715
"12/16/1975",0.562
"12/17/1975",0.5625
"12/18/1975",0.558
"12/19/1975",0.5575
"12/22/1975",0.5685
"12/23/1975",0.5715
"12/24/1975",0.578
"12/26/1975",0.578
"12/29/1975",0.5755
"12/30/1975",0.571
"12/31/1975",0.5735
"01/02/1976",0.586
"01/05/1976",0.583
"01/06/1976",0.5835
"01/07/1976",0.587
"01/08/1976",0.5885
"01/09/1976",0.584
"01/12/1976",0.59
"01/13/1976",0.588
"01/14/1976",0.589
"01/15/1976",0.569
"01/16/1976",0.5625
"01/19/1976",0.551
"01/20/1976",0.5585
"01/21/1976",0.5545
"01/22/1976",0.57
"01/23/1976",0.57
"01/26/1976",0.558
"01/27/1976",0.563
"01/28/1976",0.564
"01/29/1976",0.589
"01/30/1976",0.579
"02/02/1976",0.579
"02/03/1976",0.5795
"02/04/1976",0.577
"02/05/1976",0.5685
"02/06/1976",0.5615
"02/09/1976",0.556
"02/10/1976",0.57
"02/11/1976",0.569
"02/12/1976",0.572
"02/13/1976",0.57
"02/17/1976",0.585
"02/18/1976",0.58
"02/19/1976",0.584
"02/20/1976",0.5865
"02/23/1976",0.586
"02/24/1976",0.5835
"02/25/1976",0.5835
"02/26/1976",0.598
"02/27/1976",0.594
"03/01/1976",0.595
"03/02/1976",0.582
"03/03/1976",0.5825
"03/04/1976",0.584
"03/05/1976",0.5855
"03/08/1976",0.5875
"03/09/1976",0.574
"03/10/1976",0.5685
"03/11/1976",0.5635
"03/12/1976",0.5665
"03/15/1976",0.558
"03/16/1976",0.5455
"03/17/1976",0.5485
"03/18/1976",0.5615
"03/19/1976",0.564
"03/22/1976",0.548
"03/23/1976",0.551
"03/24/1976",0.5525
"03/25/1976",0.5525
"03/26/1976",0.5495
"03/29/1976",0.542
"03/30/1976",0.5445
"03/31/1976",0.543
"04/01/1976",0.5595
"04/02/1976",0.557
"04/05/1976",0.5605
"04/06/1976",0.57
"04/07/1976",0.5705
"04/08/1976",0.575
"04/09/1976",0.5815
"04/12/1976",0.576
"04/13/1976",0.573
"04/14/1976",0.5755
"04/15/1976",0.5765
"04/19/1976",0.5965
"04/20/1976",0.598
"04/21/1976",0.5925
"04/22/1976",0.588
"04/23/1976",0.59
"04/26/1976",0.6
"04/27/1976",0.6015
"04/28/1976",0.61
"04/29/1976",0.6095
"04/30/1976",0.615
"05/03/1976",0.6235
"05/04/1976",0.618
"05/05/1976",0.633
"05/06/1976",0.6295
"05/07/1976",0.6375
"05/10/1976",0.634
"05/11/1976",0.6245
"05/12/1976",0.6295
"05/13/1976",0.6505
"05/14/1976",0.6505
"05/17/1976",0.641
"05/18/1976",0.6235
"05/19/1976",0.638
"05/20/1976",0.64
"05/21/1976",0.646
"05/24/1976",0.646
"05/25/1976",0.6395
"05/26/1976",0.6595
"05/27/1976",0.6565
"05/28/1976",0.661
"06/01/1976",0.664
"06/02/1976",0.672
"06/03/1976",0.676
"06/04/1976",0.696
"06/07/1976",0.716
"06/08/1976",0.72
"06/09/1976",0.74
"06/10/1976",0.755
"06/11/1976",0.772
"06/14/1976",0.7585
"06/15/1976",0.7385
"06/16/1976",0.7585
"06/17/1976",0.739
"06/18/1976",0.7295
"06/21/1976",0.7495
"06/22/1976",0.7485
"06/23/1976",0.7535
"06/24/1976",0.7875
"06/25/1976",0.8075
"06/28/1976",0.8245
"06/29/1976",0.8395
"06/30/1976",0.8485
"07/01/1976",0.8685
"07/02/1976",0.8885
"07/06/1976",0.9085
"07/07/1976",0.881
"07/08/1976",0.8845
"07/09/1976",0.9045
"07/12/1976",0.8845
"07/13/1976",0.8645
"07/14/1976",0.8495
"07/15/1976",0.8295
"07/16/1976",0.8095
"07/19/1976",0.7895
"07/20/1976",0.7695
"07/21/1976",0.7495
"07/22/1976",0.7695
"07/23/1976",0.7895
"07/26/1976",0.77
"07/27/1976",0.75
"07/28/1976",0.73
"07/29/1976",0.75
"07/30/1976",0.735
"08/02/1976",0.715
"08/03/1976",0.735
"08/04/1976",0.7435
"08/05/1976",0.753
"08/06/1976",0.7475
"08/09/1976",0.7275
"08/10/1976",0.7395
"08/11/1976",0.7525
"08/12/1976",0.75
"08/13/1976",0.77
"08/16/1976",0.783
"08/17/1976",0.763
"08/18/1976",0.7705
"08/19/1976",0.77
"08/20/1976",0.7695
"08/23/1976",0.7755
"08/24/1976",0.7555
"08/25/1976",0.76
"08/26/1976",0.769
"08/27/1976",0.755
"08/30/1976",0.7405
"08/31/1976",0.7335
"09/01/1976",0.741
"09/02/1976",0.7295
"09/03/1976",0.7195
"09/07/1976",0.739
"09/08/1976",0.734
"09/09/1976",0.7395
"09/10/1976",0.758
"09/13/1976",0.778
"09/14/1976",0.758
"09/15/1976",0.738
"09/16/1976",0.7375
"09/17/1976",0.721
"09/20/1976",0.7155
"09/21/1976",0.7085
"09/22/1976",0.717
"09/23/1976",0.72
"09/24/1976",0.7315
"09/27/1976",0.7495
"09/28/1976",0.75
"09/29/1976",0.739
"09/30/1976",0.7665
"10/01/1976",0.7865
"10/04/1976",0.7895
"10/05/1976",0.788
"10/06/1976",0.7805
"10/07/1976",0.8005
"10/08/1976",0.8135
"10/11/1976",0.7939
"10/12/1976",0.7705
"10/13/1976",0.766
"10/14/1976",0.749
"10/15/1976",0.7655
"10/18/1976",0.7855
"10/19/1976",0.778
"10/20/1976",0.781
"10/21/1976",0.7675
"10/22/1976",0.7675
"10/25/1976",0.7835
"10/26/1976",0.787
"10/27/1976",0.7965
"10/28/1976",0.7885
"10/29/1976",0.798
"11/01/1976",0.793
"11/03/1976",0.773
"11/04/1976",0.7915
"11/05/1976",0.791
"11/08/1976",0.7955
"11/09/1976",0.794
"11/10/1976",0.788
"11/11/1976",0.7785
"11/12/1976",0.778
"11/15/1976",0.758
"11/16/1976",0.761
"11/17/1976",0.7465
"11/18/1976",0.761
"11/19/1976",0.762
"11/22/1976",0.7665
"11/23/1976",0.754
"11/24/1976",0.744
"11/26/1976",0.7555
"11/29/1976",0.758
"11/30/1976",0.756
"12/01/1976",0.756
"12/02/1976",0.7545
"12/03/1976",0.7535
"12/06/1976",0.768
"12/07/1976",0.7665
"12/08/1976",0.763
"12/09/1976",0.772
"12/10/1976",0.7645
"12/13/1976",0.7445
"12/14/1976",0.7385
"12/15/1976",0.7275
"12/16/1976",0.724
"12/17/1976",0.7315
"12/20/1976",0.7325
"12/21/1976",0.7215
"12/22/1976",0.7225
"12/23/1976",0.7265
"12/27/1976",0.7275
"12/28/1976",0.73
"12/29/1976",0.7295
"12/30/1976",0.7195
"12/31/1976",0.7195
"01/03/1977",0.6995
"01/04/1977",0.695
"01/05/1977",0.6835
"01/06/1977",0.6635
"01/07/1977",0.6705
"01/10/1977",0.6805
"01/11/1977",0.6655
"01/12/1977",0.6455
"01/13/1977",0.6505
"01/14/1977",0.6495
"01/17/1977",0.6695
"01/18/1977",0.6785
"01/19/1977",0.675
"01/20/1977",0.6575
"01/21/1977",0.666
"01/24/1977",0.686
"01/25/1977",0.706
"01/26/1977",0.7015
"01/27/1977",0.711
"01/28/1977",0.719
"01/31/1977",0.7065
"02/01/1977",0.706
"02/02/1977",0.7165
"02/03/1977",0.7105
"02/04/1977",0.713
"02/07/1977",0.722
"02/08/1977",0.726
"02/09/1977",0.7375
"02/10/1977",0.7445
"02/11/1977",0.7435
"02/14/1977",0.749
"02/15/1977",0.7405
"02/16/1977",0.739
"02/17/1977",0.742
"02/18/1977",0.7465
"02/22/1977",0.734
"02/23/1977",0.7345
"02/24/1977",0.7185
"02/25/1977",0.722
"02/28/1977",0.742
"03/01/1977",0.752
"03/02/1977",0.746
"03/03/1977",0.7475
"03/04/1977",0.766
"03/07/1977",0.7695
"03/08/1977",0.763
"03/09/1977",0.7635
"03/10/1977",0.755
"03/11/1977",0.758
"03/14/1977",0.7685
"03/15/1977",0.779
"03/16/1977",0.7765
"03/17/1977",0.771
"03/18/1977",0.7895
"03/21/1977",0.794
"03/22/1977",0.7875
"03/23/1977",0.768
"03/24/1977",0.781
"03/25/1977",0.78
"03/28/1977",0.7645
"03/29/1977",0.7625
"03/30/1977",0.7655
"03/31/1977",0.7615
"04/01/1977",0.7725
"04/04/1977",0.77
"04/05/1977",0.7545
"04/06/1977",0.7645
"04/07/1977",0.762
"04/11/1977",0.7515
"04/12/1977",0.77
"04/13/1977",0.7545
"04/14/1977",0.756
"04/15/1977",0.736
"04/18/1977",0.7225
"04/19/1977",0.7345
"04/20/1977",0.7335
"04/21/1977",0.727
"04/22/1977",0.736
"04/25/1977",0.7275
"04/26/1977",0.7275
"04/27/1977",0.7185
"04/28/1977",0.7195
"04/29/1977",0.7325
"05/02/1977",0.7445
"05/03/1977",0.7415
"05/04/1977",0.736
"05/05/1977",0.75
"05/06/1977",0.752
"05/09/1977",0.7335
"05/10/1977",0.738
"05/11/1977",0.735
"05/12/1977",0.7355
"05/13/1977",0.7255
"05/16/1977",0.712
"05/17/1977",0.715
"05/18/1977",0.7175
"05/19/1977",0.72
"05/20/1977",0.7
"05/23/1977",0.689
"05/24/1977",0.6945
"05/25/1977",0.693
"05/26/1977",0.6815
"05/27/1977",0.6665
"05/31/1977",0.669
"06/01/1977",0.6595
"06/02/1977",0.6435
"06/03/1977",0.646
"06/06/1977",0.6565
"06/07/1977",0.666
"06/08/1977",0.6485
"06/09/1977",0.6395
"06/10/1977",0.629
"06/13/1977",0.622
"06/14/1977",0.602
"06/15/1977",0.586
"06/16/1977",0.606
"06/17/1977",0.6175
"06/20/1977",0.616
"06/21/1977",0.5965
"06/22/1977",0.6025
"06/23/1977",0.612
"06/24/1977",0.632
"06/27/1977",0.612
"06/28/1977",0.6015
"06/29/1977",0.6025
"06/30/1977",0.609
"07/01/1977",0.629
"07/05/1977",0.6475
"07/06/1977",0.63
"07/07/1977",0.61
"07/08/1977",0.599
"07/11/1977",0.604
"07/12/1977",0.5965
"07/13/1977",0.5995
"07/15/1977",0.6135
"07/18/1977",0.598
"07/19/1977",0.5805
"07/20/1977",0.5805
"07/21/1977",0.578
"07/22/1977",0.58
"07/25/1977",0.564
"07/26/1977",0.568
"07/27/1977",0.5675
"07/28/1977",0.5725
"07/29/1977",0.5635
"08/01/1977",0.5435
"08/02/1977",0.544
"08/03/1977",0.54
"08/04/1977",0.5385
"08/05/1977",0.5405
"08/08/1977",0.545
"08/09/1977",0.5495
"08/10/1977",0.547
"08/11/1977",0.541
"08/12/1977",0.532
"08/15/1977",0.522
"08/16/1977",0.518
"08/17/1977",0.5255
"08/18/1977",0.529
"08/19/1977",0.533
"08/22/1977",0.532
"08/23/1977",0.5335
"08/24/1977",0.5335
"08/25/1977",0.5225
"08/26/1977",0.5245
"08/29/1977",0.53
"08/30/1977",0.523
"08/31/1977",0.5235
"09/01/1977",0.506
"09/02/1977",0.506
"09/06/1977",0.5005
"09/07/1977",0.493
"09/08/1977",0.4915
"09/09/1977",0.4915
"09/12/1977",0.491
"09/13/1977",0.4884
"09/14/1977",0.4892
"09/15/1977",0.49
"09/16/1977",0.4885
"09/19/1977",0.492
"09/20/1977",0.4905
"09/21/1977",0.4905
"09/22/1977",0.486
"09/23/1977",0.4952
"09/26/1977",0.5032
"09/27/1977",0.5034
"09/28/1977",0.5085
"09/29/1977",0.5111
"09/30/1977",0.5072
"10/03/1977",0.505
"10/04/1977",0.5058
"10/05/1977",0.505
"10/06/1977",0.5093
"10/07/1977",0.5077
"10/10/1977",0.5082
"10/11/1977",0.5027
"10/12/1977",0.5015
"10/13/1977",0.5015
"10/14/1977",0.5007
"10/17/1977",0.5045
"10/18/1977",0.5029
"10/19/1977",0.5027
"10/20/1977",0.5007
"10/21/1977",0.5007
"10/24/1977",0.5008
"10/25/1977",0.494
"10/26/1977",0.4901
"10/27/1977",0.4851
"10/28/1977",0.4887
"10/31/1977",0.4889
"11/01/1977",0.4839
"11/02/1977",0.4809
"11/03/1977",0.4881
"11/04/1977",0.4895
"11/07/1977",0.4895
"11/08/1977",0.4895
"11/09/1977",0.4858
"11/10/1977",0.4868
"11/11/1977",0.485
"11/14/1977",0.4907
"11/15/1977",0.4951
"11/16/1977",0.4957
"11/17/1977",0.5007
"11/18/1977",0.5015
"11/21/1977",0.4957
"11/22/1977",0.491
"11/23/1977",0.4882
"11/25/1977",0.4907
"11/28/1977",0.4885
"11/29/1977",0.4911
"11/30/1977",0.4901
"12/01/1977",0.4902
"12/02/1977",0.4877
"12/05/1977",0.4839
"12/06/1977",0.4834
"12/07/1977",0.4858
"12/08/1977",0.4836
"12/09/1977",0.4859
"12/12/1977",0.4794
"12/13/1977",0.484
"12/14/1977",0.4849
"12/15/1977",0.4913
"12/16/1977",0.4974
"12/19/1977",0.5075
"12/20/1977",0.5015
"12/21/1977",0.497
"12/22/1977",0.4982
"12/23/1977",0.497
"12/27/1977",0.5066
"12/28/1977",0.5112
"12/29/1977",0.5094
"12/30/1977",0.5044
"01/03/1978",0.5097
"01/04/1978",0.503
"01/05/1978",0.5072
"01/06/1978",0.5002
"01/09/1978",0.504
"01/10/1978",0.5145
"01/11/1978",0.5136
"01/12/1978",0.515
"01/13/1978",0.5212
"01/16/1978",0.5204
"01/17/1978",0.5192
"01/18/1978",0.5187
"01/19/1978",0.5165
"01/20/1978",0.5165
"01/23/1978",0.524
"01/24/1978",0.5302
"01/25/1978",0.5308
"01/26/1978",0.5347
"01/27/1978",0.5285
"01/30/1978",0.529
"01/31/1978",0.528
"02/01/1978",0.5241
"02/02/1978",0.5274
"02/03/1978",0.5325
"02/06/1978",0.5367
"02/07/1978",0.5377
"02/08/1978",0.538
"02/09/1978",0.5336
"02/10/1978",0.5292
"02/13/1978",0.51
"02/14/1978",0.5132
"02/15/1978",0.5183
"02/16/1978",0.521
"02/17/1978",0.5165
"02/21/1978",0.5262
"02/22/1978",0.5237
"02/23/1978",0.5377
"02/24/1978",0.5397
"02/27/1978",0.5362
"02/28/1978",0.5423
"03/01/1978",0.5402
"03/02/1978",0.5377
"03/03/1978",0.5407
"03/06/1978",0.5425
"03/07/1978",0.558
"03/08/1978",0.5525
"03/09/1978",0.554
"03/10/1978",0.555
"03/13/1978",0.562
"03/14/1978",0.569
"03/15/1978",0.569
"03/16/1978",0.5694
"03/17/1978",0.5712
"03/20/1978",0.5725
"03/21/1978",0.5702
"03/22/1978",0.5707
"03/23/1978",0.5578
"03/27/1978",0.5657
"03/28/1978",0.5635
"03/29/1978",0.563
"03/30/1978",0.5579
"03/31/1978",0.5482
"04/03/1978",0.5439
"04/04/1978",0.5488
"04/05/1978",0.5475
"04/06/1978",0.5521
"04/07/1978",0.5527
"04/10/1978",0.5505
"04/11/1978",0.5441
"04/12/1978",0.5462
"04/13/1978",0.549
"04/14/1978",0.5649
"04/17/1978",0.5602
"04/18/1978",0.5684
"04/19/1978",0.564
"04/20/1978",0.5622
"04/21/1978",0.5595
"04/24/1978",0.5563
"04/25/1978",0.5687
"04/26/1978",0.5697
"04/27/1978",0.5692
"04/28/1978",0.5765
"05/01/1978",0.5807
"05/02/1978",0.5745
"05/03/1978",0.5748
"05/04/1978",0.5776
"05/05/1978",0.5789
"05/08/1978",0.5867
"05/09/1978",0.5905
"05/10/1978",0.5867
"05/11/1978",0.5947
"05/12/1978",0.5962
"05/15/1978",0.596
"05/16/1978",0.5985
"05/17/1978",0.6135
"05/18/1978",0.6127
"05/19/1978",0.6069
"05/22/1978",0.6043
"05/23/1978",0.6007
"05/24/1978",0.5982
"05/25/1978",0.6067
"05/26/1978",0.6009
"05/30/1978",0.5987
"05/31/1978",0.5967
"06/01/1978",0.5828
"06/02/1978",0.5734
"06/05/1978",0.5812
"06/06/1978",0.582
"06/07/1978",0.5874
"06/08/1978",0.5885
"06/09/1978",0.5845
"06/12/1978",0.5927
"06/13/1978",0.5934
"06/14/1978",0.6003
"06/15/1978",0.6119
"06/16/1978",0.6088
"06/19/1978",0.6046
"06/20/1978",0.5987
"06/21/1978",0.5965
"06/22/1978",0.599
"06/23/1978",0.5907
"06/26/1978",0.612
"06/27/1978",0.592
"06/28/1978",0.5785
"06/29/1978",0.5835
"06/30/1978",0.595
"07/03/1978",0.585
"07/05/1978",0.5785
"07/06/1978",0.5834
"07/07/1978",0.5802
"07/10/1978",0.5815
"07/11/1978",0.5872
"07/12/1978",0.5886
"07/13/1978",0.5935
"07/14/1978",0.589
"07/17/1978",0.5974
"07/18/1978",0.5975
"07/19/1978",0.599
"07/20/1978",0.5926
"07/21/1978",0.5941
"07/24/1978",0.5852
"07/25/1978",0.587
"07/26/1978",0.5916
"07/27/1978",0.5925
"07/28/1978",0.609
"07/31/1978",0.6142
"08/01/1978",0.6119
"08/02/1978",0.6075
"08/03/1978",0.605
"08/04/1978",0.6072
"08/07/1978",0.6092
"08/08/1978",0.6056
"08/09/1978",0.603
"08/10/1978",0.6046
"08/11/1978",0.6262
"08/14/1978",0.616
"08/15/1978",0.614
"08/16/1978",0.6113
"08/17/1978",0.6155
"08/18/1978",0.6095
"08/21/1978",0.605
"08/22/1978",0.6085
"08/23/1978",0.6127
"08/24/1978",0.6084
"08/25/1978",0.622
"08/28/1978",0.622
"08/29/1978",0.623
"08/30/1978",0.6186
"08/31/1978",0.6195
"09/01/1978",0.619
"09/05/1978",0.6146
"09/06/1978",0.6045
"09/07/1978",0.6082
"09/08/1978",0.6045
"09/11/1978",0.6064
"09/12/1978",0.6092
"09/13/1978",0.5974
"09/14/1978",0.6017
"09/15/1978",0.5985
"09/18/1978",0.601
"09/19/1978",0.6022
"09/20/1978",0.6005
"09/21/1978",0.6107
"09/22/1978",0.6097
"09/25/1978",0.6197
"09/26/1978",0.6177
"09/27/1978",0.6246
"09/28/1978",0.6267
"09/29/1978",0.6255
"10/02/1978",0.6337
"10/03/1978",0.6339
"10/04/1978",0.631
"10/05/1978",0.6366
"10/06/1978",0.6431
"10/09/1978",0.6436
"10/10/1978",0.6413
"10/11/1978",0.644
"10/12/1978",0.6506
"10/13/1978",0.6513
"10/16/1978",0.6487
"10/17/1978",0.6554
"10/18/1978",0.6567
"10/19/1978",0.6529
"10/20/1978",0.6523
"10/23/1978",0.6547
"10/24/1978",0.6649
"10/25/1978",0.6719
"10/26/1978",0.6668
"10/27/1978",0.672
"10/30/1978",0.6749
"10/31/1978",0.6705
"11/01/1978",0.6529
"11/02/1978",0.6627
"11/03/1978",0.674
"11/06/1978",0.676
"11/07/1978",0.676
"11/08/1978",0.6665
"11/09/1978",0.6655
"11/10/1978",0.6602
"11/13/1978",0.6512
"11/14/1978",0.6414
"11/15/1978",0.6501
"11/16/1978",0.6467
"11/17/1978",0.6574
"11/20/1978",0.6592
"11/21/1978",0.6674
"11/22/1978",0.6777
"11/24/1978",0.6845
"11/27/1978",0.6763
"11/28/1978",0.6702
"11/29/1978",0.677
"11/30/1978",0.6765
"12/01/1978",0.6759
"12/04/1978",0.6621
"12/05/1978",0.6639
"12/06/1978",0.6617
"12/07/1978",0.6563
"12/08/1978",0.6521
"12/11/1978",0.6373
"12/12/1978",0.6342
"12/13/1978",0.6394
"12/14/1978",0.6416
"12/15/1978",0.6365
"12/18/1978",0.6414
"12/19/1978",0.6306
"12/20/1978",0.628
"12/21/1978",0.6297
"12/22/1978",0.6324
"12/26/1978",0.6324
"12/27/1978",0.6287
"12/28/1978",0.633
"12/29/1978",0.6332
"01/02/1979",0.6338
"01/03/1979",0.6414
"01/04/1979",0.6426
"01/05/1979",0.6484
"01/08/1979",0.6463
"01/09/1979",0.6449
"01/10/1979",0.6382
"01/11/1979",0.6329
"01/12/1979",0.6175
"01/15/1979",0.6143
"01/16/1979",0.6101
"01/17/1979",0.6003
"01/18/1979",0.6064
"01/19/1979",0.6065
"01/22/1979",0.6044
"01/23/1979",0.616
"01/24/1979",0.609
"01/25/1979",0.605
"01/26/1979",0.6071
"01/29/1979",0.6144
"01/30/1979",0.6127
"01/31/1979",0.6058
"02/01/1979",0.6025
"02/02/1979",0.607
"02/05/1979",0.6021
"02/06/1979",0.5979
"02/07/1979",0.6018
"02/08/1979",0.6037
"02/09/1979",0.6212
"02/12/1979",0.6165
"02/13/1979",0.6227
"02/14/1979",0.6342
"02/15/1979",0.6329
"02/16/1979",0.6293
"02/20/1979",0.6361
"02/21/1979",0.6335
"02/22/1979",0.6265
"02/23/1979",0.6256
"02/26/1979",0.6237
"02/27/1979",0.6209
"02/28/1979",0.6177
"03/01/1979",0.6082
"03/02/1979",0.6162
"03/05/1979",0.6098
"03/06/1979",0.6047
"03/07/1979",0.5969
"03/08/1979",0.6115
"03/09/1979",0.6076
"03/12/1979",0.6002
"03/13/1979",0.598
"03/14/1979",0.5994
"03/15/1979",0.613
"03/16/1979",0.6064
"03/19/1979",0.6139
"03/20/1979",0.6128
"03/21/1979",0.6135
"03/22/1979",0.6124
"03/23/1979",0.6082
"03/26/1979",0.5897
"03/27/1979",0.5777
"03/28/1979",0.5823
"03/29/1979",0.5885
"03/30/1979",0.5842
"04/02/1979",0.5788
"04/03/1979",0.5709
"04/04/1979",0.5893
"04/05/1979",0.5907
"04/06/1979",0.5939
"04/09/1979",0.5988
"04/10/1979",0.5965
"04/11/1979",0.5969
"04/12/1979",0.5988
"04/16/1979",0.6025
"04/17/1979",0.5825
"04/18/1979",0.5885
"04/19/1979",0.593
"04/20/1979",0.5927
"04/23/1979",0.5832
"04/24/1979",0.5884
"04/25/1979",0.6227
"04/26/1979",0.6244
"04/27/1979",0.6212
"04/30/1979",0.6267
"05/01/1979",0.6428
"05/02/1979",0.6486
"05/03/1979",0.6465
"05/04/1979",0.6417
"05/07/1979",0.6228
"05/08/1979",0.6302
"05/09/1979",0.6375
"05/10/1979",0.633
"05/11/1979",0.6403
"05/14/1979",0.631
"05/15/1979",0.6362
"05/16/1979",0.6367
"05/17/1979",0.6359
"05/18/1979",0.632
"05/21/1979",0.6286
"05/22/1979",0.623
"05/23/1979",0.6127
"05/24/1979",0.618
"05/25/1979",0.6165
"05/29/1979",0.6241
"05/30/1979",0.6318
"05/31/1979",0.6275
"06/01/1979",0.6461
"06/04/1979",0.6483
"06/05/1979",0.6517
"06/06/1979",0.6522
"06/07/1979",0.6507
"06/08/1979",0.6706
"06/11/1979",0.6901
"06/12/1979",0.6937
"06/13/1979",0.6639
"06/14/1979",0.6736
"06/15/1979",0.679
"06/18/1979",0.6592
"06/19/1979",0.6607
"06/20/1979",0.6645
"06/21/1979",0.6737
"06/22/1979",0.6776
"06/25/1979",0.6659
"06/26/1979",0.6617
"06/27/1979",0.6417
"06/28/1979",0.6315
"06/29/1979",0.6301
"07/02/1979",0.6368
"07/03/1979",0.6427
"07/05/1979",0.6512
"07/06/1979",0.6436
"07/09/1979",0.646
"07/10/1979",0.65
"07/11/1979",0.6455
"07/12/1979",0.635
"07/13/1979",0.636
"07/16/1979",0.6347
"07/17/1979",0.634
"07/18/1979",0.6242
"07/19/1979",0.6248
"07/20/1979",0.6324
"07/23/1979",0.6341
"07/24/1979",0.6377
"07/25/1979",0.6387
"07/26/1979",0.646
"07/27/1979",0.6397
"07/30/1979",0.6316
"07/31/1979",0.6311
"08/01/1979",0.626
"08/02/1979",0.624
"08/03/1979",0.6203
"08/06/1979",0.6306
"08/07/1979",0.6285
"08/08/1979",0.6292
"08/09/1979",0.6286
"08/10/1979",0.6335
"08/13/1979",0.6445
"08/14/1979",0.6387
"08/15/1979",0.635
"08/16/1979",0.637
"08/17/1979",0.6332
"08/20/1979",0.6275
"08/21/1979",0.6306
"08/22/1979",0.6253
"08/23/1979",0.629
"08/24/1979",0.6339
"08/27/1979",0.65
"08/28/1979",0.6475
"08/29/1979",0.648
"08/30/1979",0.6474
"08/31/1979",0.642
"09/04/1979",0.6292
"09/05/1979",0.632
"09/06/1979",0.6675
"09/07/1979",0.623
"09/10/1979",0.6332
"09/11/1979",0.6325
"09/12/1979",0.628
"09/13/1979",0.6155
"09/14/1979",0.6137
"09/17/1979",0.6178
"09/18/1979",0.6245
"09/19/1979",0.6268
"09/20/1979",0.6268
"09/21/1979",0.633
"09/24/1979",0.631
"09/25/1979",0.6376
"09/26/1979",0.6459
"09/27/1979",0.6523
"09/28/1979",0.6417
"10/01/1979",0.6429
"10/02/1979",0.6386
"10/03/1979",0.6402
"10/04/1979",0.6411
"10/05/1979",0.6464
"10/08/1979",0.6409
"10/09/1979",0.6331
"10/10/1979",0.6365
"10/11/1979",0.6408
"10/12/1979",0.6421
"10/15/1979",0.6362
"10/16/1979",0.6457
"10/17/1979",0.6424
"10/18/1979",0.6364
"10/19/1979",0.6337
"10/22/1979",0.6377
"10/23/1979",0.6368
"10/24/1979",0.6351
"10/25/1979",0.6355
"10/26/1979",0.6333
"10/29/1979",0.6391
"10/30/1979",0.6462
"10/31/1979",0.6447
"11/01/1979",0.6534
"11/02/1979",0.655
"11/05/1979",0.6525
"11/06/1979",0.6362
"11/07/1979",0.6425
"11/08/1979",0.64
"11/09/1979",0.6362
"11/12/1979",0.6545
"11/13/1979",0.647
"11/14/1979",0.6552
"11/15/1979",0.6491
"11/16/1979",0.6441
"11/19/1979",0.644
"11/20/1979",0.649
"11/21/1979",0.6523
"11/23/1979",0.6519
"11/26/1979",0.6335
"11/27/1979",0.6417
"11/28/1979",0.6491
"11/29/1979",0.6487
"11/30/1979",0.6563
"12/03/1979",0.6692
"12/04/1979",0.6504
"12/05/1979",0.6514
"12/06/1979",0.6427
"12/07/1979",0.6545
"12/10/1979",0.6513
"12/11/1979",0.6509
"12/12/1979",0.6615
"12/13/1979",0.6702
"12/14/1979",0.6826
"12/17/1979",0.6809
"12/18/1979",0.6884
"12/19/1979",0.6806
"12/20/1979",0.6776
"12/21/1979",0.6857
"12/24/1979",0.6857
"12/26/1979",0.6932
"12/27/1979",0.6901
"12/28/1979",0.6942
"12/31/1979",0.6931
"01/02/1980",0.6915
"01/03/1980",0.6913
"01/04/1980",0.688
"01/07/1980",0.6748
"01/08/1980",0.6715
"01/09/1980",0.6896
"01/10/1980",0.6987
"01/11/1980",0.7105
"01/14/1980",0.7154
"01/15/1980",0.718
"01/16/1980",0.7179
"01/17/1980",0.7336
"01/18/1980",0.7264
"01/21/1980",0.7301
"01/22/1980",0.7535
"01/23/1980",0.765
"01/24/1980",0.7764
"01/25/1980",0.7631
"01/28/1980",0.7788
"01/29/1980",0.8013
"01/30/1980",0.803
"01/31/1980",0.8105
"02/01/1980",0.8246
"02/04/1980",0.8446
"02/05/1980",0.858
"02/06/1980",0.838
"02/07/1980",0.818
"02/08/1980",0.838
"02/11/1980",0.8505
"02/12/1980",0.838
"02/13/1980",0.8395
"02/14/1980",0.8395
"02/15/1980",0.8195
"02/19/1980",0.7995
"02/20/1980",0.8046
"02/21/1980",0.7937
"02/22/1980",0.7848
"02/25/1980",0.8136
"02/26/1980",0.833
"02/27/1980",0.8301
"02/28/1980",0.8409
"02/29/1980",0.8377
"03/03/1980",0.8235
"03/04/1980",0.8185
"03/05/1980",0.8195
"03/06/1980",0.7995
"03/07/1980",0.7962
"03/10/1980",0.7762
"03/11/1980",0.7759
"03/12/1980",0.769
"03/13/1980",0.7515
"03/14/1980",0.7712
"03/17/1980",0.7912
"03/18/1980",0.8162
"03/19/1980",0.8362
"03/20/1980",0.8512
"03/21/1980",0.8812
"03/24/1980",0.8612
"03/25/1980",0.8462
"03/26/1980",0.8662
"03/27/1980",0.8462
"03/28/1980",0.8615
"03/31/1980",0.8412
"04/01/1980",0.8212
"04/02/1980",0.8012
"04/03/1980",0.8103
"04/07/1980",0.8165
"04/08/1980",0.7965
"04/09/1980",0.8095
"04/10/1980",0.8277
"04/11/1980",0.8447
"04/14/1980",0.8505
"04/15/1980",0.8373
"04/16/1980",0.8571
"04/17/1980",0.8334
"04/18/1980",0.8134
"04/21/1980",0.7934
"04/22/1980",0.8129
"04/23/1980",0.8148
"04/24/1980",0.8148
"04/25/1980",0.8258
"04/28/1980",0.8062
"04/29/1980",0.8152
"04/30/1980",0.8137
"05/01/1980",0.8329
"05/02/1980",0.8155
"05/05/1980",0.8114
"05/06/1980",0.8065
"05/07/1980",0.8265
"05/08/1980",0.8287
"05/09/1980",0.8592
"05/12/1980",0.8652
"05/13/1980",0.8561
"05/14/1980",0.8261
"05/15/1980",0.8075
"05/16/1980",0.8162
"05/19/1980",0.7973
"05/20/1980",0.7875
"05/21/1980",0.7981
"05/22/1980",0.774
"05/23/1980",0.7709
"05/27/1980",0.7522
"05/28/1980",0.7605
"05/29/1980",0.7448
"05/30/1980",0.7412
"06/02/1980",0.7319
"06/03/1980",0.7335
"06/04/1980",0.7535
"06/05/1980",0.7335
"06/06/1980",0.7405
"06/09/1980",0.7513
"06/10/1980",0.7467
"06/11/1980",0.7458
"06/12/1980",0.7346
"06/13/1980",0.7249
"06/16/1980",0.7128
"06/17/1980",0.7191
"06/18/1980",0.7321
"06/19/1980",0.7194
"06/20/1980",0.7255
"06/23/1980",0.7185
"06/24/1980",0.7282
"06/25/1980",0.732
"06/26/1980",0.7165
"06/27/1980",0.713
"06/30/1980",0.733
"07/01/1980",0.753
"07/02/1980",0.7723
"07/03/1980",0.7695
"07/07/1980",0.7857
"07/08/1980",0.7741
"07/09/1980",0.7792
"07/10/1980",0.7725
"07/11/1980",0.7925
"07/14/1980",0.8125
"07/15/1980",0.824
"07/16/1980",0.8436
"07/17/1980",0.8435
"07/18/1980",0.8375
"07/21/1980",0.8175
"07/22/1980",0.7975
"07/23/1980",0.809
"07/24/1980",0.7916
"07/25/1980",0.8116
"07/28/1980",0.8316
"07/29/1980",0.8516
"07/30/1980",0.875
"07/31/1980",0.869
"08/01/1980",0.8875
"08/04/1980",0.8675
"08/05/1980",0.8648
"08/06/1980",0.85
"08/07/1980",0.8374
"08/08/1980",0.8574
"08/11/1980",0.8486
"08/12/1980",0.8686
"08/13/1980",0.8786
"08/14/1980",0.8652
"08/15/1980",0.8621
"08/18/1980",0.8493
"08/19/1980",0.8639
"08/20/1980",0.8739
"08/21/1980",0.8554
"08/22/1980",0.8696
"08/25/1980",0.8896
"08/26/1980",0.905
"08/27/1980",0.8802
"08/28/1980",0.9
"08/29/1980",0.916
"09/02/1980",0.9222
"09/03/1980",0.9165
"09/04/1980",0.8965
"09/05/1980",0.9065
"09/08/1980",0.906
"09/09/1980",0.9032
"09/10/1980",0.8931
"09/11/1980",0.9127
"09/12/1980",0.9327
"09/15/1980",0.9127
"09/16/1980",0.8827
"09/17/1980",0.871
"09/18/1980",0.875
"09/19/1980",0.8807
"09/22/1980",0.8607
"09/23/1980",0.8679
"09/24/1980",0.8447
"09/25/1980",0.8247
"09/26/1980",0.8066
"09/29/1980",0.8266
"09/30/1980",0.8387
"10/01/1980",0.835
"10/02/1980",0.8235
"10/03/1980",0.8411
"10/06/1980",0.8567
"10/07/1980",0.8555
"10/08/1980",0.8537
"10/09/1980",0.8606
"10/10/1980",0.8558
"10/13/1980",0.84
"10/14/1980",0.8445
"10/15/1980",0.849
"10/16/1980",0.8513
"10/17/1980",0.866
"10/20/1980",0.8617
"10/21/1980",0.8867
"10/22/1980",0.8966
"10/23/1980",0.98
"10/24/1980",0.8937
"10/27/1980",0.8837
"10/28/1980",0.8905
"10/29/1980",0.8791
"10/30/1980",0.8665
"10/31/1980",0.875
"11/03/1980",0.8687
"11/05/1980",0.8595
"11/06/1980",0.8623
"11/07/1980",0.8578
"11/10/1980",0.8458
"11/11/1980",0.8658
"11/12/1980",0.8706
"11/13/1980",0.867
"11/14/1980",0.8741
"11/17/1980",0.872
"11/18/1980",0.8721
"11/19/1980",0.876
"11/20/1980",0.896
"11/21/1980",0.8941
"11/24/1980",0.881
"11/25/1980",0.901
"11/26/1980",0.889
"11/28/1980",0.8845
"12/01/1980",0.8712
"12/02/1980",0.8755
"12/03/1980",0.88
"12/04/1980",0.885
"12/05/1980",0.9035
"12/08/1980",0.8983
"12/09/1980",0.8962
"12/10/1980",0.8762
"12/11/1980",0.8437
"12/12/1980",0.86
"12/15/1980",0.8612
"12/16/1980",0.864
"12/17/1980",0.8551
"12/18/1980",0.8611
"12/19/1980",0.873
"12/22/1980",0.892
"12/23/1980",0.8862
"12/24/1980",0.8923
"12/26/1980",0.8923
"12/29/1980",0.9033
"12/30/1980",0.8833
"12/31/1980",0.8937
"01/02/1981",0.889
"01/05/1981",0.8975
"01/06/1981",0.8885
"01/07/1981",0.8753
"01/08/1981",0.8813
"01/09/1981",0.8751
"01/12/1981",0.8602
"01/13/1981",0.8622
"01/14/1981",0.87
"01/15/1981",0.867
"01/16/1981",0.8702
"01/19/1981",0.8602
"01/20/1981",0.8567
"01/21/1981",0.8465
"01/22/1981",0.8487
"01/23/1981",0.8315
"01/26/1981",0.8192
"01/27/1981",0.8192
"01/28/1981",0.8301
"01/29/1981",0.8418
"01/30/1981",0.8435
"02/02/1981",0.8355
"02/03/1981",0.8518
"02/04/1981",0.8561
"02/05/1981",0.8582
"02/06/1981",0.8465
"02/09/1981",0.8265
"02/10/1981",0.8135
"02/11/1981",0.8216
"02/12/1981",0.835
"02/13/1981",0.8215
"02/17/1981",0.8241
"02/18/1981",0.8441
"02/19/1981",0.864
"02/20/1981",0.8834
"02/23/1981",0.871
"02/24/1981",0.8593
"02/25/1981",0.8612
"02/26/1981",0.856
"02/27/1981",0.8514
"03/02/1981",0.8314
"03/03/1981",0.8397
"03/04/1981",0.8297
"03/05/1981",0.8227
"03/06/1981",0.8391
"03/09/1981",0.8402
"03/10/1981",0.8202
"03/11/1981",0.8212
"03/12/1981",0.8213
"03/13/1981",0.8215
"03/16/1981",0.8065
"03/17/1981",0.8243
"03/18/1981",0.8112
"03/19/1981",0.814
"03/20/1981",0.8305
"03/23/1981",0.8285
"03/24/1981",0.8365
"03/25/1981",0.821
"03/26/1981",0.8202
"03/27/1981",0.8137
"03/30/1981",0.8105
"03/31/1981",0.8112
"04/01/1981",0.8037
"04/02/1981",0.812
"04/03/1981",0.8221
"04/06/1981",0.8172
"04/07/1981",0.8245
"04/08/1981",0.8365
"04/09/1981",0.8394
"04/10/1981",0.8539
"04/13/1981",0.8479
"04/14/1981",0.842
"04/15/1981",0.8372
"04/16/1981",0.834
"04/20/1981",0.8217
"04/21/1981",0.8218
"04/22/1981",0.8162
"04/23/1981",0.8172
"04/24/1981",0.8187
"04/27/1981",0.8202
"04/28/1981",0.8187
"04/29/1981",0.8072
"04/30/1981",0.8022
"05/01/1981",0.8067
"05/04/1981",0.789
"05/05/1981",0.7855
"05/06/1981",0.7885
"05/07/1981",0.8018
"05/08/1981",0.8003
"05/11/1981",0.7812
"05/12/1981",0.7822
"05/13/1981",0.786
"05/14/1981",0.7955
"05/15/1981",0.7865
"05/18/1981",0.7923
"05/19/1981",0.789
"05/20/1981",0.8005
"05/21/1981",0.7945
"05/22/1981",0.7985
"05/26/1981",0.8072
"05/27/1981",0.8031
"05/28/1981",0.811
"05/29/1981",0.8183
"06/01/1981",0.8072
"06/02/1981",0.798
"06/03/1981",0.7977
"06/04/1981",0.8102
"06/05/1981",0.8077
"06/08/1981",0.7902
"06/09/1981",0.7879
"06/10/1981",0.7856
"06/11/1981",0.779
"06/12/1981",0.7932
"06/15/1981",0.799
"06/16/1981",0.8107
"06/17/1981",0.7992
"06/18/1981",0.8022
"06/19/1981",0.7934
"06/22/1981",0.7927
"06/23/1981",0.7881
"06/24/1981",0.7795
"06/25/1981",0.7812
"06/26/1981",0.7755
"06/29/1981",0.7642
"06/30/1981",0.7716
"07/01/1981",0.7688
"07/02/1981",0.7632
"07/06/1981",0.7805
"07/07/1981",0.77
"07/08/1981",0.7577
"07/09/1981",0.7597
"07/10/1981",0.7636
"07/13/1981",0.76
"07/14/1981",0.7496
"07/15/1981",0.7475
"07/16/1981",0.742
"07/17/1981",0.7402
"07/20/1981",0.7405
"07/21/1981",0.7464
"07/22/1981",0.7537
"07/23/1981",0.7462
"07/24/1981",0.7515
"07/27/1981",0.7447
"07/28/1981",0.736
"07/29/1981",0.7295
"07/30/1981",0.7285
"07/31/1981",0.7273
"08/03/1981",0.7122
"08/04/1981",0.7135
"08/05/1981",0.7065
"08/06/1981",0.7032
"08/07/1981",0.689
"08/10/1981",0.6798
"08/11/1981",0.684
"08/12/1981",0.6782
"08/13/1981",0.6725
"08/14/1981",0.6662
"08/17/1981",0.6565
"08/18/1981",0.646
"08/19/1981",0.6456
"08/20/1981",0.648
"08/21/1981",0.6371
"08/24/1981",0.6275
"08/25/1981",0.6275
"08/26/1981",0.6229
"08/27/1981",0.6307
"08/28/1981",0.629
"08/31/1981",0.635
"09/01/1981",0.6353
"09/02/1981",0.6321
"09/03/1981",0.6246
"09/04/1981",0.613
"09/08/1981",0.604
"09/09/1981",0.6095
"09/10/1981",0.6105
"09/11/1981",0.6115
"09/14/1981",0.599
"09/15/1981",0.6015
"09/16/1981",0.6022
"09/17/1981",0.6012
"09/18/1981",0.5963
"09/21/1981",0.595
"09/22/1981",0.5972
"09/23/1981",0.5924
"09/24/1981",0.5935
"09/25/1981",0.5914
"09/28/1981",0.5893
"09/29/1981",0.5893
"09/30/1981",0.5942
"10/01/1981",0.5933
"10/02/1981",0.5969
"10/05/1981",0.603
"10/06/1981",0.6017
"10/07/1981",0.6077
"10/08/1981",0.6097
"10/09/1981",0.604
"10/12/1981",0.62
"10/13/1981",0.624
"10/14/1981",0.613
"10/15/1981",0.6112
"10/16/1981",0.6138
"10/19/1981",0.5938
"10/20/1981",0.5967
"10/21/1981",0.6072
"10/22/1981",0.6002
"10/23/1981",0.6025
"10/26/1981",0.6065
"10/27/1981",0.6102
"10/28/1981",0.6042
"10/29/1981",0.6063
"10/30/1981",0.6089
"11/02/1981",0.607
"11/03/1981",0.5997
"11/04/1981",0.5994
"11/05/1981",0.5967
"11/06/1981",0.5875
"11/09/1981",0.5838
"11/10/1981",0.5762
"11/11/1981",0.5783
"11/12/1981",0.575
"11/13/1981",0.5726
"11/16/1981",0.5675
"11/17/1981",0.5677
"11/18/1981",0.5714
"11/19/1981",0.5666
"11/20/1981",0.5642
"11/23/1981",0.5554
"11/24/1981",0.5503
"11/25/1981",0.5488
"11/27/1981",0.5517
"11/30/1981",0.5554
"12/01/1981",0.5538
"12/02/1981",0.5591
"12/03/1981",0.5483
"12/04/1981",0.5487
"12/07/1981",0.5412
"12/08/1981",0.5369
"12/09/1981",0.536
"12/10/1981",0.5351
"12/11/1981",0.5437
"12/14/1981",0.5429
"12/15/1981",0.5457
"12/16/1981",0.5518
"12/17/1981",0.5498
"12/18/1981",0.5467
"12/21/1981",0.5488
"12/22/1981",0.5579
"12/23/1981",0.5609
"12/24/1981",0.5609
"12/28/1981",0.5751
"12/29/1981",0.5721
"12/30/1981",0.563
"12/31/1981",0.5602
"01/04/1982",0.5715
"01/05/1982",0.5713
"01/06/1982",0.5802
"01/07/1982",0.589
"01/08/1982",0.5905
"01/11/1982",0.5815
"01/12/1982",0.5904
"01/13/1982",0.5936
"01/14/1982",0.592
"01/15/1982",0.5862
"01/18/1982",0.5869
"01/19/1982",0.5876
"01/20/1982",0.5864
"01/21/1982",0.5845
"01/22/1982",0.5838
"01/25/1982",0.5815
"01/26/1982",0.5964
"01/27/1982",0.6007
"01/28/1982",0.5963
"01/29/1982",0.603
"02/01/1982",0.599
"02/02/1982",0.5896
"02/03/1982",0.5912
"02/04/1982",0.5894
"02/05/1982",0.5944
"02/08/1982",0.5867
"02/09/1982",0.5822
"02/10/1982",0.5802
"02/11/1982",0.5802
"02/12/1982",0.5827
"02/16/1982",0.5895
"02/17/1982",0.5892
"02/18/1982",0.5922
"02/19/1982",0.5935
"02/22/1982",0.5901
"02/23/1982",0.5914
"02/24/1982",0.5932
"02/25/1982",0.5977
"02/26/1982",0.5944
"03/01/1982",0.5971
"03/02/1982",0.6117
"03/03/1982",0.6065
"03/04/1982",0.6046
"03/05/1982",0.6027
"03/08/1982",0.5956
"03/09/1982",0.6026
"03/10/1982",0.6065
"03/11/1982",0.6034
"03/12/1982",0.6035
"03/15/1982",0.611
"03/16/1982",0.6136
"03/17/1982",0.6138
"03/18/1982",0.621
"03/19/1982",0.619
"03/22/1982",0.6275
"03/23/1982",0.6277
"03/24/1982",0.6266
"03/25/1982",0.6227
"03/26/1982",0.6215
"03/29/1982",0.6272
"03/30/1982",0.6231
"03/31/1982",0.6242
"04/01/1982",0.6201
"04/02/1982",0.6258
"04/05/1982",0.6288
"04/06/1982",0.6231
"04/07/1982",0.6248
"04/08/1982",0.6258
"04/12/1982",0.6255
"04/13/1982",0.6252
"04/14/1982",0.626
"04/15/1982",0.6281
"04/16/1982",0.6274
"04/19/1982",0.6258
"04/20/1982",0.6238
"04/21/1982",0.6303
"04/22/1982",0.6302
"04/23/1982",0.6391
"04/26/1982",0.6514
"04/27/1982",0.6459
"04/28/1982",0.6468
"04/29/1982",0.6491
"04/30/1982",0.6452
"05/03/1982",0.6411
"05/04/1982",0.6414
"05/05/1982",0.6394
"05/06/1982",0.6448
"05/07/1982",0.6472
"05/10/1982",0.6413
"05/11/1982",0.6435
"05/12/1982",0.6353
"05/13/1982",0.6277
"05/14/1982",0.6225
"05/17/1982",0.6177
"05/18/1982",0.6183
"05/19/1982",0.6237
"05/20/1982",0.6284
"05/21/1982",0.6272
"05/24/1982",0.6205
"05/25/1982",0.6196
"05/26/1982",0.6221
"05/27/1982",0.6212
"05/28/1982",0.6077
"06/01/1982",0.5996
"06/02/1982",0.6037
"06/03/1982",0.6011
"06/04/1982",0.5955
"06/07/1982",0.602
"06/08/1982",0.6082
"06/09/1982",0.6097
"06/10/1982",0.6102
"06/11/1982",0.6114
"06/14/1982",0.5976
"06/15/1982",0.6
"06/16/1982",0.591
"06/17/1982",0.5853
"06/18/1982",0.5945
"06/21/1982",0.6123
"06/22/1982",0.6167
"06/23/1982",0.625
"06/24/1982",0.6335
"06/25/1982",0.6422
"06/28/1982",0.6429
"06/29/1982",0.653
"06/30/1982",0.653
"07/01/1982",0.6532
"07/02/1982",0.6669
"07/06/1982",0.6589
"07/07/1982",0.654
"07/08/1982",0.6655
"07/09/1982",0.6585
"07/12/1982",0.6603
"07/13/1982",0.6675
"07/14/1982",0.6692
"07/15/1982",0.6614
"07/16/1982",0.662
"07/19/1982",0.6505
"07/20/1982",0.6647
"07/21/1982",0.6542
"07/22/1982",0.6664
"07/23/1982",0.6605
"07/26/1982",0.6421
"07/27/1982",0.638
"07/28/1982",0.632
"07/29/1982",0.637
"07/30/1982",0.635
"08/02/1982",0.6362
"08/03/1982",0.6212
"08/04/1982",0.626
"08/05/1982",0.6275
"08/06/1982",0.6285
"08/09/1982",0.618
"08/10/1982",0.6214
"08/11/1982",0.619
"08/12/1982",0.5995
"08/13/1982",0.6035
"08/16/1982",0.5942
"08/17/1982",0.5974
"08/18/1982",0.6015
"08/19/1982",0.5965
"08/20/1982",0.6028
"08/23/1982",0.6013
"08/24/1982",0.6027
"08/25/1982",0.5961
"08/26/1982",0.596
"08/27/1982",0.5852
"08/30/1982",0.5908
"08/31/1982",0.5868
"09/01/1982",0.592
"09/02/1982",0.609
"09/03/1982",0.5966
"09/07/1982",0.59
"09/08/1982",0.5902
"09/09/1982",0.5875
"09/10/1982",0.5945
"09/13/1982",0.591
"09/14/1982",0.5813
"09/15/1982",0.569
"09/16/1982",0.5979
"09/17/1982",0.5986
"09/20/1982",0.5912
"09/21/1982",0.5917
"09/22/1982",0.5924
"09/23/1982",0.5921
"09/24/1982",0.5941
"09/27/1982",0.5924
"09/28/1982",0.5945
"09/29/1982",0.5877
"09/30/1982",0.5875
"10/01/1982",0.5822
"10/04/1982",0.577
"10/05/1982",0.579
"10/06/1982",0.579
"10/07/1982",0.5821
"10/08/1982",0.5752
"10/11/1982",0.5789
"10/12/1982",0.5889
"10/13/1982",0.599
"10/14/1982",0.5991
"10/15/1982",0.5974
"10/18/1982",0.5976
"10/19/1982",0.5931
"10/20/1982",0.595
"10/21/1982",0.5892
"10/22/1982",0.5843
"10/25/1982",0.5778
"10/26/1982",0.5795
"10/27/1982",0.5772
"10/28/1982",0.5805
"10/29/1982",0.5793
"11/01/1982",0.5813
"11/02/1982",0.5813
"11/03/1982",0.5724
"11/04/1982",0.5811
"11/05/1982",0.5752
"11/08/1982",0.5786
"11/09/1982",0.5853
"11/10/1982",0.5802
"11/11/1982",0.586
"11/12/1982",0.5886
"11/15/1982",0.5947
"11/16/1982",0.5958
"11/17/1982",0.5977
"11/18/1982",0.5962
"11/19/1982",0.599
"11/22/1982",0.5905
"11/23/1982",0.5848
"11/24/1982",0.5852
"11/26/1982",0.5867
"11/29/1982",0.5873
"11/30/1982",0.5985
"12/01/1982",0.5997
"12/02/1982",0.5966
"12/03/1982",0.5945
"12/06/1982",0.6033
"12/07/1982",0.6006
"12/08/1982",0.6003
"12/09/1982",0.6153
"12/10/1982",0.6082
"12/13/1982",0.5962
"12/14/1982",0.5967
"12/15/1982",0.5947
"12/16/1982",0.5986
"12/17/1982",0.5987
"12/20/1982",0.5917
"12/21/1982",0.5936
"12/22/1982",0.597
"12/23/1982",0.5986
"12/27/1982",0.6044
"12/28/1982",0.6035
"12/29/1982",0.5987
"12/30/1982",0.5992
"12/31/1982",0.5992
"01/03/1983",0.5983
"01/04/1983",0.594
"01/05/1983",0.5957
"01/06/1983",0.6023
"01/07/1983",0.6058
"01/10/1983",0.6156
"01/11/1983",0.6052
"01/12/1983",0.6113
"01/13/1983",0.6122
"01/14/1983",0.6122
"01/17/1983",0.6095
"01/18/1983",0.619
"01/19/1983",0.6121
"01/20/1983",0.6128
"01/21/1983",0.6106
"01/24/1983",0.6053
"01/25/1983",0.6012
"01/26/1983",0.6012
"01/27/1983",0.6022
"01/28/1983",0.6065
"01/31/1983",0.6092
"02/01/1983",0.6065
"02/02/1983",0.6075
"02/03/1983",0.6064
"02/04/1983",0.608
"02/07/1983",0.6088
"02/08/1983",0.6107
"02/09/1983",0.6078
"02/10/1983",0.6166
"02/11/1983",0.6157
"02/14/1983",0.6189
"02/15/1983",0.625
"02/16/1983",0.6267
"02/17/1983",0.6255
"02/18/1983",0.627
"02/22/1983",0.6454
"02/23/1983",0.6511
"02/24/1983",0.64
"02/25/1983",0.6384
"02/28/1983",0.652
"03/01/1983",0.6512
"03/02/1983",0.6548
"03/03/1983",0.6445
"03/04/1983",0.6482
"03/07/1983",0.6472
"03/08/1983",0.6488
"03/09/1983",0.6491
"03/10/1983",0.6464
"03/11/1983",0.6493
"03/14/1983",0.649
"03/15/1983",0.6575
"03/16/1983",0.6603
"03/17/1983",0.6772
"03/18/1983",0.6742
"03/21/1983",0.6827
"03/22/1983",0.669
"03/23/1983",0.6652
"03/24/1983",0.675
"03/25/1983",0.6745
"03/28/1983",0.6882
"03/29/1983",0.6905
"03/30/1983",0.6826
"03/31/1983",0.6832
"04/04/1983",0.6765
"04/05/1983",0.672
"04/06/1983",0.658
"04/07/1983",0.6602
"04/08/1983",0.65
"04/11/1983",0.644
"04/12/1983",0.6382
"04/13/1983",0.642
"04/14/1983",0.6417
"04/15/1983",0.6465
"04/18/1983",0.6581
"04/19/1983",0.6565
"04/20/1983",0.6484
"04/21/1983",0.6343
"04/22/1983",0.6409
"04/25/1983",0.6303
"04/26/1983",0.6417
"04/27/1983",0.6432
"04/28/1983",0.6443
"04/29/1983",0.6464
"05/02/1983",0.6387
"05/03/1983",0.6376
"05/04/1983",0.6487
"05/05/1983",0.6491
"05/06/1983",0.6588
"05/09/1983",0.6754
"05/10/1983",0.6765
"05/11/1983",0.6692
"05/12/1983",0.666
"05/13/1983",0.6679
"05/16/1983",0.6777
"05/17/1983",0.6785
"05/18/1983",0.6742
"05/19/1983",0.6817
"05/20/1983",0.6818
"05/23/1983",0.6763
"05/24/1983",0.672
"05/25/1983",0.6685
"05/26/1983",0.6707
"05/27/1983",0.6705
"05/31/1983",0.6905
"06/01/1983",0.6872
"06/02/1983",0.6905
"06/03/1983",0.708
"06/06/1983",0.7066
"06/07/1983",0.7042
"06/08/1983",0.7043
"06/09/1983",0.7187
"06/10/1983",0.7088
"06/13/1983",0.7088
"06/14/1983",0.6967
"06/15/1983",0.6912
"06/16/1983",0.6971
"06/17/1983",0.6985
"06/20/1983",0.7185
"06/21/1983",0.7282
"06/22/1983",0.7262
"06/23/1983",0.7335
"06/24/1983",0.741
"06/27/1983",0.721
"06/28/1983",0.7044
"06/29/1983",0.7248
"06/30/1983",0.7048
"07/01/1983",0.6975
"07/05/1983",0.7068
"07/06/1983",0.714
"07/07/1983",0.7083
"07/08/1983",0.7063
"07/11/1983",0.712
"07/12/1983",0.6998
"07/13/1983",0.698
"07/14/1983",0.699
"07/15/1983",0.682
"07/18/1983",0.686
"07/19/1983",0.6795
"07/20/1983",0.7032
"07/21/1983",0.699
"07/22/1983",0.7144
"07/25/1983",0.7342
"07/26/1983",0.7332
"07/27/1983",0.7275
"07/28/1983",0.7295
"07/29/1983",0.7215
"08/01/1983",0.737
"08/02/1983",0.736
"08/03/1983",0.7318
"08/04/1983",0.7331
"08/05/1983",0.743
"08/08/1983",0.735
"08/09/1983",0.7275
"08/10/1983",0.7263
"08/11/1983",0.7285
"08/12/1983",0.7215
"08/15/1983",0.7397
"08/16/1983",0.735
"08/17/1983",0.7255
"08/18/1983",0.7101
"08/19/1983",0.7167
"08/22/1983",0.7367
"08/23/1983",0.7255
"08/24/1983",0.732
"08/25/1983",0.7315
"08/26/1983",0.7375
"08/29/1983",0.74
"08/30/1983",0.7435
"08/31/1983",0.735
"09/01/1983",0.7315
"09/02/1983",0.739
"09/06/1983",0.7375
"09/07/1983",0.733
"09/08/1983",0.7385
"09/09/1983",0.738
"09/12/1983",0.732
"09/13/1983",0.7125
"09/14/1983",0.699
"09/15/1983",0.694
"09/16/1983",0.701
"09/19/1983",0.6985
"09/20/1983",0.6892
"09/21/1983",0.7106
"09/22/1983",0.6916
"09/23/1983",0.693
"09/26/1983",0.6875
"09/27/1983",0.6941
"09/28/1983",0.6916
"09/29/1983",0.6925
"09/30/1983",0.6996
"10/03/1983",0.7038
"10/04/1983",0.7013
"10/05/1983",0.7145
"10/06/1983",0.7125
"10/07/1983",0.714
"10/10/1983",0.7123
"10/11/1983",0.7069
"10/12/1983",0.7047
"10/13/1983",0.7098
"10/14/1983",0.7113
"10/17/1983",0.7245
"10/18/1983",0.7252
"10/19/1983",0.742
"10/20/1983",0.7372
"10/21/1983",0.7394
"10/24/1983",0.733
"10/25/1983",0.74
"10/26/1983",0.7422
"10/27/1983",0.7445
"10/28/1983",0.7447
"10/31/1983",0.7417
"11/01/1983",0.7477
"11/02/1983",0.7439
"11/03/1983",0.7434
"11/04/1983",0.743
"11/07/1983",0.736
"11/08/1983",0.7417
"11/09/1983",0.7407
"11/10/1983",0.7508
"11/11/1983",0.7313
"11/14/1983",0.735
"11/15/1983",0.7345
"11/16/1983",0.7319
"11/17/1983",0.7372
"11/18/1983",0.733
"11/21/1983",0.7334
"11/22/1983",0.7222
"11/23/1983",0.7141
"11/25/1983",0.717
"11/28/1983",0.7189
"11/29/1983",0.7235
"11/30/1983",0.7193
"12/01/1983",0.7204
"12/02/1983",0.7243
"12/05/1983",0.7229
"12/06/1983",0.7255
"12/07/1983",0.7353
"12/08/1983",0.729
"12/09/1983",0.7337
"12/12/1983",0.7276
"12/13/1983",0.7298
"12/14/1983",0.7294
"12/15/1983",0.7155
"12/16/1983",0.7217
"12/19/1983",0.7322
"12/20/1983",0.7167
"12/21/1983",0.7105
"12/22/1983",0.7145
"12/23/1983",0.7141
"12/27/1983",0.7202
"12/28/1983",0.7172
"12/29/1983",0.7115
"12/30/1983",0.7061
"01/03/1984",0.6932
"01/04/1984",0.6977
"01/05/1984",0.6962
"01/06/1984",0.6852
"01/09/1984",0.6747
"01/10/1984",0.6797
"01/11/1984",0.6835
"01/12/1984",0.6915
"01/13/1984",0.6938
"01/16/1984",0.6891
"01/17/1984",0.706
"01/18/1984",0.7034
"01/19/1984",0.7079
"01/20/1984",0.7162
"01/23/1984",0.7103
"01/24/1984",0.7027
"01/25/1984",0.703
"01/26/1984",0.7082
"01/27/1984",0.7162
"01/30/1984",0.713
"01/31/1984",0.7244
"02/01/1984",0.7232
"02/02/1984",0.7248
"02/03/1984",0.712
"02/06/1984",0.7147
"02/07/1984",0.7162
"02/08/1984",0.711
"02/09/1984",0.7015
"02/10/1984",0.6968
"02/13/1984",0.6899
"02/14/1984",0.6925
"02/15/1984",0.6912
"02/16/1984",0.6944
"02/17/1984",0.7144
"02/21/1984",0.7091
"02/22/1984",0.7114
"02/23/1984",0.7158
"02/24/1984",0.7252
"02/27/1984",0.7305
"02/28/1984",0.7262
"02/29/1984",0.7259
"03/01/1984",0.7283
"03/02/1984",0.7369
"03/05/1984",0.7367
"03/06/1984",0.7323
"03/07/1984",0.733
"03/08/1984",0.7389
"03/09/1984",0.7449
"03/12/1984",0.7539
"03/13/1984",0.754
"03/14/1984",0.754
"03/15/1984",0.7532
"03/16/1984",0.7472
"03/19/1984",0.7454
"03/20/1984",0.7555
"03/21/1984",0.7641
"03/22/1984",0.7618
"03/23/1984",0.7574
"03/26/1984",0.7488
"03/27/1984",0.7527
"03/28/1984",0.7639
"03/29/1984",0.7652
"03/30/1984",0.7699
"04/02/1984",0.7758
"04/03/1984",0.7765
"04/04/1984",0.7652
"04/05/1984",0.7555
"04/06/1984",0.7572
"04/09/1984",0.7605
"04/10/1984",0.7628
"04/11/1984",0.7667
"04/12/1984",0.7467
"04/13/1984",0.7375
"04/16/1984",0.7392
"04/17/1984",0.7435
"04/18/1984",0.7415
"04/19/1984",0.7513
"04/23/1984",0.7691
"04/24/1984",0.7702
"04/25/1984",0.7781
"04/26/1984",0.7883
"04/27/1984",0.7822
"04/30/1984",0.7871
"05/01/1984",0.7769
"05/02/1984",0.7872
"05/03/1984",0.7958
"05/04/1984",0.7942
"05/07/1984",0.8027
"05/08/1984",0.7934
"05/09/1984",0.8025
"05/10/1984",0.794
"05/11/1984",0.7991
"05/14/1984",0.7934
"05/15/1984",0.7872
"05/16/1984",0.8072
"05/17/1984",0.8055
"05/18/1984",0.8186
"05/21/1984",0.8237
"05/22/1984",0.8179
"05/23/1984",0.82
"05/24/1984",0.8154
"05/25/1984",0.8274
"05/29/1984",0.8311
"05/30/1984",0.8246
"05/31/1984",0.8212
"06/01/1984",0.8241
"06/04/1984",0.8041
"06/05/1984",0.8062
"06/06/1984",0.801
"06/07/1984",0.7995
"06/08/1984",0.7895
"06/11/1984",0.7695
"06/12/1984",0.7707
"06/13/1984",0.7817
"06/14/1984",0.7617
"06/15/1984",0.7488
"06/18/1984",0.74
"06/19/1984",0.745
"06/20/1984",0.7376
"06/21/1984",0.7365
"06/22/1984",0.7331
"06/25/1984",0.7292
"06/26/1984",0.7282
"06/27/1984",0.7295
"06/28/1984",0.7235
"06/29/1984",0.7147
"07/02/1984",0.7056
"07/03/1984",0.7095
"07/05/1984",0.7207
"07/06/1984",0.7267
"07/09/1984",0.7243
"07/10/1984",0.7151
"07/11/1984",0.707
"07/12/1984",0.7106
"07/13/1984",0.6982
"07/16/1984",0.6782
"07/17/1984",0.6735
"07/18/1984",0.6732
"07/19/1984",0.667
"07/20/1984",0.6592
"07/23/1984",0.6479
"07/24/1984",0.6465
"07/25/1984",0.6429
"07/26/1984",0.6447
"07/27/1984",0.642
"07/30/1984",0.6385
"07/31/1984",0.6395
"08/01/1984",0.6375
"08/02/1984",0.6413
"08/03/1984",0.6575
"08/06/1984",0.6533
"08/07/1984",0.6355
"08/08/1984",0.6374
"08/09/1984",0.632
"08/10/1984",0.6345
"08/13/1984",0.6216
"08/14/1984",0.6243
"08/15/1984",0.6241
"08/16/1984",0.6265
"08/17/1984",0.6324
"08/20/1984",0.6305
"08/21/1984",0.63
"08/22/1984",0.6237
"08/23/1984",0.6315
"08/24/1984",0.6255
"08/27/1984",0.6212
"08/28/1984",0.6235
"08/29/1984",0.622
"08/30/1984",0.6185
"08/31/1984",0.617
"09/04/1984",0.6102
"09/05/1984",0.6155
"09/06/1984",0.6187
"09/07/1984",0.6189
"09/10/1984",0.6207
"09/11/1984",0.6222
"09/12/1984",0.6072
"09/13/1984",0.6015
"09/14/1984",0.6047
"09/17/1984",0.6001
"09/18/1984",0.6027
"09/19/1984",0.5966
"09/20/1984",0.5957
"09/21/1984",0.6022
"09/24/1984",0.5996
"09/25/1984",0.6017
"09/26/1984",0.6076
"09/27/1984",0.6042
"09/28/1984",0.5972
"10/01/1984",0.5951
"10/02/1984",0.5954
"10/03/1984",0.5972
"10/04/1984",0.5891
"10/05/1984",0.5869
"10/08/1984",0.5954
"10/09/1984",0.5946
"10/10/1984",0.5947
"10/11/1984",0.594
"10/12/1984",0.5988
"10/15/1984",0.61
"10/16/1984",0.6131
"10/17/1984",0.6074
"10/18/1984",0.6062
"10/19/1984",0.6147
"10/22/1984",0.6347
"10/23/1984",0.631
"10/24/1984",0.6262
"10/25/1984",0.6311
"10/26/1984",0.6282
"10/29/1984",0.6124
"10/30/1984",0.6137
"10/31/1984",0.6207
"11/01/1984",0.6317
"11/02/1984",0.6183
"11/05/1984",0.6059
"11/06/1984",0.6025
"11/07/1984",0.6064
"11/08/1984",0.6063
"11/09/1984",0.6085
"11/12/1984",0.5911
"11/13/1984",0.5882
"11/14/1984",0.592
"11/15/1984",0.5913
"11/16/1984",0.6056
"11/19/1984",0.5987
"11/20/1984",0.6027
"11/21/1984",0.604
"11/23/1984",0.6037
"11/26/1984",0.6094
"11/27/1984",0.602
"11/28/1984",0.6037
"11/29/1984",0.6103
"11/30/1984",0.6093
"12/03/1984",0.6093
"12/04/1984",0.6132
"12/05/1984",0.612
"12/06/1984",0.6115
"12/07/1984",0.608
"12/10/1984",0.6033
"12/11/1984",0.598
"12/12/1984",0.5995
"12/13/1984",0.5993
"12/14/1984",0.6042
"12/17/1984",0.6087
"12/18/1984",0.6136
"12/19/1984",0.6126
"12/20/1984",0.6104
"12/21/1984",0.6142
"12/24/1984",0.6142
"12/26/1984",0.6101
"12/27/1984",0.6099
"12/28/1984",0.6117
"12/31/1984",0.6117
"01/02/1985",0.6104
"01/03/1985",0.6199
"01/04/1985",0.6145
"01/07/1985",0.6246
"01/08/1985",0.6204
"01/09/1985",0.6207
"01/10/1985",0.6212
"01/11/1985",0.6156
"01/14/1985",0.6152
"01/15/1985",0.6111
"01/16/1985",0.6063
"01/17/1985",0.6029
"01/18/1985",0.6047
"01/21/1985",0.6054
"01/22/1985",0.6035
"01/23/1985",0.6046
"01/24/1985",0.5982
"01/25/1985",0.5969
"01/28/1985",0.5932
"01/29/1985",0.5905
"01/30/1985",0.5953
"01/31/1985",0.5953
"02/01/1985",0.5923
"02/04/1985",0.5898
"02/05/1985",0.5968
"02/06/1985",0.5978
"02/07/1985",0.5942
"02/08/1985",0.6017
"02/11/1985",0.5981
"02/12/1985",0.6017
"02/13/1985",0.5998
"02/14/1985",0.5922
"02/15/1985",0.5923
"02/19/1985",0.6018
"02/20/1985",0.5988
"02/21/1985",0.5953
"02/22/1985",0.5935
"02/25/1985",0.588
"02/26/1985",0.5943
"02/27/1985",0.5942
"02/28/1985",0.5993
"03/01/1985",0.6002
"03/04/1985",0.5982
"03/05/1985",0.5934
"03/06/1985",0.6008
"03/07/1985",0.6013
"03/08/1985",0.6062
"03/11/1985",0.6017
"03/12/1985",0.6078
"03/13/1985",0.6195
"03/14/1985",0.6143
"03/15/1985",0.6105
"03/18/1985",0.6131
"03/19/1985",0.6319
"03/20/1985",0.6363
"03/21/1985",0.628
"03/22/1985",0.6319
"03/25/1985",0.6273
"03/26/1985",0.6265
"03/27/1985",0.623
"03/28/1985",0.6243
"03/29/1985",0.6285
"04/01/1985",0.6321
"04/02/1985",0.6365
"04/03/1985",0.6373
"04/04/1985",0.6424
"04/08/1985",0.648
"04/09/1985",0.647
"04/10/1985",0.6367
"04/11/1985",0.6359
"04/12/1985",0.6225
"04/15/1985",0.6312
"04/16/1985",0.628
"04/17/1985",0.6308
"04/18/1985",0.6248
"04/19/1985",0.6243
"04/22/1985",0.6235
"04/23/1985",0.6162
"04/24/1985",0.5982
"04/25/1985",0.5935
"04/26/1985",0.5945
"04/29/1985",0.6025
"04/30/1985",0.6002
"05/01/1985",0.6049
"05/02/1985",0.5997
"05/03/1985",0.5972
"05/06/1985",0.6019
"05/07/1985",0.6019
"05/08/1985",0.6015
"05/09/1985",0.6068
"05/10/1985",0.6075
"05/13/1985",0.6033
"05/14/1985",0.599
"05/15/1985",0.5982
"05/16/1985",0.6005
"05/17/1985",0.6006
"05/20/1985",0.6022
"05/21/1985",0.6036
"05/22/1985",0.6026
"05/23/1985",0.5962
"05/24/1985",0.5872
"05/28/1985",0.5818
"05/29/1985",0.589
"05/30/1985",0.5738
"05/31/1985",0.5927
"06/03/1985",0.5964
"06/04/1985",0.5994
"06/05/1985",0.5994
"06/06/1985",0.6007
"06/07/1985",0.6012
"06/10/1985",0.5983
"06/11/1985",0.5935
"06/12/1985",0.596
"06/13/1985",0.6023
"06/14/1985",0.5997
"06/17/1985",0.6044
"06/18/1985",0.604
"06/19/1985",0.596
"06/20/1985",0.599
"06/21/1985",0.5966
"06/24/1985",0.6
"06/25/1985",0.6009
"06/26/1985",0.599
"06/27/1985",0.5973
"06/28/1985",0.5986
"07/01/1985",0.5922
"07/02/1985",0.597
"07/03/1985",0.594
"07/05/1985",0.594
"07/08/1985",0.5955
"07/09/1985",0.5952
"07/10/1985",0.5945
"07/11/1985",0.587
"07/12/1985",0.5992
"07/15/1985",0.5969
"07/16/1985",0.5923
"07/17/1985",0.5909
"07/18/1985",0.5902
"07/19/1985",0.577
"07/22/1985",0.5806
"07/23/1985",0.58
"07/24/1985",0.588
"07/25/1985",0.5897
"07/26/1985",0.5848
"07/29/1985",0.5815
"07/30/1985",0.5785
"07/31/1985",0.5825
"08/01/1985",0.5815
"08/02/1985",0.58
"08/05/1985",0.5872
"08/06/1985",0.584
"08/07/1985",0.5801
"08/08/1985",0.5742
"08/09/1985",0.5728
"08/12/1985",0.5677
"08/13/1985",0.564
"08/14/1985",0.5695
"08/15/1985",0.5715
"08/16/1985",0.5615
"08/19/1985",0.5635
"08/20/1985",0.5665
"08/21/1985",0.5672
"08/22/1985",0.5618
"08/23/1985",0.5598
"08/26/1985",0.559
"08/27/1985",0.5625
"08/28/1985",0.5645
"08/29/1985",0.5683
"08/30/1985",0.5665
"09/03/1985",0.568
"09/04/1985",0.5642
"09/05/1985",0.5668
"09/06/1985",0.568
"09/09/1985",0.5672
"09/10/1985",0.5657
"09/11/1985",0.5655
"09/12/1985",0.5688
"09/13/1985",0.5735
"09/16/1985",0.5805
"09/17/1985",0.5597
"09/18/1985",0.5572
"09/19/1985",0.565
"09/20/1985",0.5626
"09/23/1985",0.562
"09/24/1985",0.5605
"09/25/1985",0.5965
"09/26/1985",0.5557
"09/30/1985",0.5573
"10/01/1985",0.564
"10/02/1985",0.5637
"10/03/1985",0.5643
"10/04/1985",0.5659
"10/07/1985",0.5626
"10/08/1985",0.5654
"10/09/1985",0.5697
"10/10/1985",0.5703
"10/11/1985",0.5671
"10/14/1985",0.5699
"10/15/1985",0.5653
"10/16/1985",0.563
"10/17/1985",0.5628
"10/18/1985",0.5586
"10/21/1985",0.5541
"10/22/1985",0.5605
"10/23/1985",0.5642
"10/24/1985",0.5637
"10/25/1985",0.5637
"10/28/1985",0.5723
"10/29/1985",0.5667
"10/30/1985",0.5634
"10/31/1985",0.5727
"11/01/1985",0.5672
"11/04/1985",0.5667
"11/05/1985",0.5679
"11/06/1985",0.5662
"11/07/1985",0.572
"11/08/1985",0.5684
"11/11/1985",0.5662
"11/12/1985",0.5673
"11/13/1985",0.5692
"11/14/1985",0.5629
"11/15/1985",0.5557
"11/18/1985",0.5604
"11/19/1985",0.5641
"11/20/1985",0.5621
"11/21/1985",0.5648
"11/22/1985",0.5661
"11/25/1985",0.5584
"11/26/1985",0.5652
"11/27/1985",0.5562
"11/29/1985",0.5498
"12/02/1985",0.5504
"12/03/1985",0.5576
"12/04/1985",0.5568
"12/05/1985",0.5565
"12/06/1985",0.5584
"12/09/1985",0.5572
"12/10/1985",0.56
"12/11/1985",0.56
"12/12/1985",0.56
"12/13/1985",0.56
"12/16/1985",0.56
"12/17/1985",0.565
"12/18/1985",0.565
"12/19/1985",0.57
"12/20/1985",0.57
"12/23/1985",0.57
"12/24/1985",0.57
"12/26/1985",0.57
"12/27/1985",0.57
"12/30/1985",0.57
"12/31/1985",0.585
"01/02/1986",0.59
"01/03/1986",0.59
"01/06/1986",0.59
"01/07/1986",0.59
"01/08/1986",0.59
"01/09/1986",0.595
"01/10/1986",0.595
"01/13/1986",0.595
"01/14/1986",0.595
"01/15/1986",0.595
"01/16/1986",0.595
"01/17/1986",0.6
"01/20/1986",0.6
"01/21/1986",0.6
"01/22/1986",0.6
"01/23/1986",0.6
"01/24/1986",0.6
"01/27/1986",0.6
"01/28/1986",0.6
"01/29/1986",0.6
"01/30/1986",0.6
"01/31/1986",0.6
"02/03/1986",0.6
"02/04/1986",0.6
"02/05/1986",0.6
"02/06/1986",0.6
"02/07/1986",0.6
"02/10/1986",0.6
"02/11/1986",0.6
"02/12/1986",0.6
"02/13/1986",0.6
"02/14/1986",0.6
"02/18/1986",0.62
"02/19/1986",0.62
"02/20/1986",0.62
"02/21/1986",0.62
"02/24/1986",0.62
"02/25/1986",0.62
"02/26/1986",0.62
"02/27/1986",0.62
"02/28/1986",0.62
"03/03/1986",0.62
"03/04/1986",0.62
"03/05/1986",0.62
"03/06/1986",0.62
"03/07/1986",0.62
"03/10/1986",0.62
"03/11/1986",0.62
"03/12/1986",0.62
"03/13/1986",0.625
"03/14/1986",0.625
"03/17/1986",0.625
"03/18/1986",0.625
"03/19/1986",0.625
"03/20/1986",0.625
"03/21/1986",0.625
"03/24/1986",0.625
"03/25/1986",0.6275
"03/26/1986",0.6275
"03/27/1986",0.63
"03/31/1986",0.63
"04/01/1986",0.63
"04/02/1986",0.63
"04/03/1986",0.63
"04/04/1986",0.63
"04/07/1986",0.63
"04/08/1986",0.63
"04/09/1986",0.63
"04/10/1986",0.63
"04/11/1986",0.6325
"04/14/1986",0.6325
"04/15/1986",0.635
"04/16/1986",0.635
"04/17/1986",0.635
"04/18/1986",0.635
"04/21/1986",0.635
"04/22/1986",0.635
"04/23/1986",0.635
"04/24/1986",0.635
"04/25/1986",0.635
"04/28/1986",0.635
"04/29/1986",0.635
"04/30/1986",0.635
"05/01/1986",0.64
"05/02/1986",0.64
"05/05/1986",0.64
"05/06/1986",0.64
"05/07/1986",0.645
"05/08/1986",0.645
"05/09/1986",0.645
"05/12/1986",0.645
"05/13/1986",0.645
"05/14/1986",0.65
"05/15/1986",0.65
"05/16/1986",0.65
"05/19/1986",0.65
"05/20/1986",0.65
"05/21/1986",0.655
"05/22/1986",0.655
"05/23/1986",0.655
"05/27/1986",0.655
"05/28/1986",0.655
"05/29/1986",0.655
"05/30/1986",0.655
"06/02/1986",0.655
"06/03/1986",0.655
"06/04/1986",0.665
"06/05/1986",0.655
"06/06/1986",0.655
"06/09/1986",0.655
"06/10/1986",0.655
"06/11/1986",0.655
"06/12/1986",0.655
"06/13/1986",0.655
"06/16/1986",0.655
"06/17/1986",0.655
"06/18/1986",0.655
"06/19/1986",0.655
"06/20/1986",0.655
"06/23/1986",0.655
"06/24/1986",0.655
"06/25/1986",0.655
"06/26/1986",0.655
"06/27/1986",0.655
"06/30/1986",0.655
"07/01/1986",0.655
"07/02/1986",0.655
"07/03/1986",0.655
"07/07/1986",0.655
"07/08/1986",0.655
"07/09/1986",0.655
"07/10/1986",0.655
"07/11/1986",0.655
"07/14/1986",0.655
"07/15/1986",0.655
"07/16/1986",0.655
"07/17/1986",0.655
"07/18/1986",0.655
"07/21/1986",0.655
"07/22/1986",0.655
"07/23/1986",0.655
"07/24/1986",0.655
"07/25/1986",0.655
"07/28/1986",0.655
"07/29/1986",0.655
"07/30/1986",0.655
"07/31/1986",0.655
"08/01/1986",0.265
"08/04/1986",0.265
"08/05/1986",0.265
"08/06/1986",0.265
"08/07/1986",0.265
"08/08/1986",0.265
"08/11/1986",0.265
"08/12/1986",0.265
"08/13/1986",0.265
"08/14/1986",0.265
"08/15/1986",0.265
"08/18/1986",0.265
"08/19/1986",0.265
"08/20/1986",0.265
"08/21/1986",0.265
"08/22/1986",0.265
"08/25/1986",0.265
"08/26/1986",0.265
"08/27/1986",0.265
"08/28/1986",0.265
"08/29/1986",0.275
"09/02/1986",0.275
"09/03/1986",0.275
"09/04/1986",0.285
"09/05/1986",0.29
"09/08/1986",0.29
"09/09/1986",0.33
"09/10/1986",0.33
"09/11/1986",0.33
"09/12/1986",0.33
"09/15/1986",0.33
"09/16/1986",0.34
"09/17/1986",0.34
"09/18/1986",0.34
"09/19/1986",0.3575
"09/22/1986",0.3575
"09/23/1986",0.3675
"09/24/1986",0.3675
"09/25/1986",0.3675
"09/26/1986",0.3675
"09/29/1986",0.3675
"09/30/1986",0.3955
"10/01/1986",0.3975
"10/02/1986",0.3975
"10/03/1986",0.3975
"10/06/1986",0.3975
"10/07/1986",0.3975
"10/08/1986",0.3975
"10/09/1986",0.3975
"10/10/1986",0.3975
"10/13/1986",0.3975
"10/14/1986",0.42
"10/15/1986",0.42
"10/16/1986",0.42
"10/17/1986",0.42
"10/20/1986",0.42
"10/21/1986",0.443
"10/22/1986",0.443
"10/23/1986",0.443
"10/24/1986",0.443
"10/27/1986",0.443
"10/28/1986",0.443
"10/29/1986",0.443
"10/30/1986",0.443
"10/31/1986",0.433
"11/03/1986",0.433
"11/04/1986",0.433
"11/05/1986",0.433
"11/06/1986",0.433
"11/07/1986",0.433
"11/10/1986",0.433
"11/11/1986",0.433
"11/12/1986",0.433
"11/13/1986",0.433
"11/14/1986",0.433
"11/17/1986",0.433
"11/18/1986",0.433
"11/19/1986",0.433
"11/20/1986",0.453
"11/21/1986",0.453
"11/24/1986",0.453
"11/25/1986",0.463
"11/26/1986",0.463
"11/28/1986",0.463
"12/01/1986",0.463
"12/02/1986",0.483
"12/03/1986",0.483
"12/04/1986",0.49
"12/05/1986",0.49
"12/08/1986",0.49
"12/09/1986",0.5
"12/10/1986",0.5
"12/11/1986",0.52
"12/12/1986",0.52
"12/15/1986",0.52
"12/16/1986",0.52
"12/17/1986",0.52
"12/18/1986",0.52
"12/19/1986",0.52
"12/22/1986",0.52
"12/23/1986",0.53
"12/24/1986",0.53
"12/26/1986",0.53
"12/29/1986",0.53
"12/30/1986",0.54
"12/31/1986",0.54
"01/02/1987",0.54
"01/05/1987",0.54
"01/06/1987",0.54
"01/07/1987",0.54
"01/08/1987",0.545
"01/09/1987",0.545
"01/12/1987",0.545
"01/13/1987",0.545
"01/14/1987",0.545
"01/15/1987",0.545
"01/16/1987",0.545
"01/19/1987",0.545
"01/20/1987",0.545
"01/21/1987",0.565
"01/22/1987",0.565
"01/23/1987",0.565
"01/26/1987",0.565
"01/27/1987",0.545
"01/28/1987",0.545
"01/29/1987",0.52
"01/30/1987",0.52
"02/02/1987",0.52
"02/03/1987",0.53
"02/04/1987",0.53
"02/05/1987",0.53
"02/06/1987",0.53
"02/09/1987",0.53
"02/10/1987",0.53
"02/11/1987",0.53
"02/12/1987",0.53
"02/13/1987",0.53
"02/17/1987",0.53
"02/18/1987",0.53
"02/19/1987",0.525
"02/20/1987",0.525
"02/23/1987",0.525
"02/24/1987",0.525
"02/25/1987",0.525
"02/26/1987",0.525
"02/27/1987",0.525
"03/02/1987",0.525
"03/03/1987",0.54
"03/04/1987",0.54
"03/05/1987",0.54
"03/06/1987",0.54
"03/09/1987",0.54
"03/10/1987",0.53
"03/11/1987",0.53
"03/12/1987",0.525
"03/13/1987",0.525
"03/16/1987",0.525
"03/17/1987",0.53
"03/18/1987",0.53
"03/19/1987",0.53
"03/20/1987",0.53
"03/23/1987",0.53
"03/24/1987",0.535
"03/25/1987",0.535
"03/26/1987",0.535
"03/27/1987",0.535
"03/30/1987",0.535
"03/31/1987",0.54
"04/01/1987",0.54
"04/02/1987",0.545
"04/03/1987",0.545
"04/06/1987",0.545
"04/07/1987",0.54
"04/08/1987",0.54
"04/09/1987",0.54
"04/10/1987",0.54
"04/13/1987",0.54
"04/14/1987",0.54
"04/15/1987",0.56
"04/16/1987",0.565
"04/20/1987",0.565
"04/21/1987",0.565
"04/22/1987",0.565
"04/23/1987",0.57
"04/24/1987",0.57
"04/27/1987",0.57
"04/28/1987",0.57
"04/29/1987",0.57
"04/30/1987",0.57
"05/01/1987",0.595
"05/04/1987",0.595
"05/05/1987",0.595
"05/06/1987",0.595
"05/07/1987",0.595
"05/08/1987",0.6
"05/11/1987",0.6
"05/12/1987",0.63
"05/13/1987",0.631
"05/14/1987",0.6572
"05/15/1987",0.6596
"05/18/1987",0.6482
"05/19/1987",0.6544
"05/20/1987",0.6654
"05/21/1987",0.6895
"05/22/1987",0.6752
"05/26/1987",0.6868
"05/27/1987",0.7045
"05/28/1987",0.6845
"05/29/1987",0.687
"06/01/1987",0.6735
"06/02/1987",0.666
"06/03/1987",0.6745
"06/04/1987",0.6945
"06/05/1987",0.7
"06/08/1987",0.6816
"06/09/1987",0.682
"06/10/1987",0.679
"06/11/1987",0.6965
"06/12/1987",0.7163
"06/15/1987",0.7325
"06/16/1987",0.7132
"06/17/1987",0.7
"06/18/1987",0.7145
"06/19/1987",0.7115
"06/22/1987",0.7115
"06/23/1987",0.7008
"06/24/1987",0.6808
"06/25/1987",0.6868
"06/26/1987",0.6995
"06/29/1987",0.7075
"06/30/1987",0.708
"07/01/1987",0.7047
"07/02/1987",0.7098
"07/06/1987",0.7073
"07/07/1987",0.7105
"07/08/1987",0.7132
"07/09/1987",0.6995
"07/10/1987",0.7193
"07/13/1987",0.71
"07/14/1987",0.713
"07/15/1987",0.728
"07/16/1987",0.7347
"07/17/1987",0.7337
"07/20/1987",0.7263
"07/21/1987",0.7363
"07/22/1987",0.7333
"07/23/1987",0.7348
"07/24/1987",0.7418
"07/27/1987",0.741
"07/28/1987",0.746
"07/29/1987",0.756
"07/30/1987",0.7638
"07/31/1987",0.763
"08/03/1987",0.7655
"08/04/1987",0.7527
"08/05/1987",0.7565
"08/06/1987",0.7558
"08/07/1987",0.742
"08/10/1987",0.73
"08/11/1987",0.7335
"08/12/1987",0.7535
"08/13/1987",0.7735
"08/14/1987",0.7677
"08/17/1987",0.7715
"08/18/1987",0.7672
"08/19/1987",0.7717
"08/20/1987",0.7539
"08/21/1987",0.7465
"08/24/1987",0.7375
"08/25/1987",0.731
"08/26/1987",0.751
"08/27/1987",0.75
"08/28/1987",0.7305
"08/31/1987",0.7219
"09/01/1987",0.7242
"09/02/1987",0.7095
"09/03/1987",0.7118
"09/04/1987",0.713
"09/08/1987",0.693
"09/09/1987",0.6815
"09/10/1987",0.6825
"09/11/1987",0.7025
"09/14/1987",0.6943
"09/15/1987",0.6889
"09/16/1987",0.7089
"09/17/1987",0.6925
"09/18/1987",0.6975
"09/21/1987",0.6923
"09/22/1987",0.6795
"09/23/1987",0.6995
"09/24/1987",0.6932
"09/25/1987",0.6832
"09/28/1987",0.6632
"09/29/1987",0.6587
"09/30/1987",0.6641
"10/01/1987",0.6562
"10/02/1987",0.6625
"10/05/1987",0.6554
"10/06/1987",0.651
"10/07/1987",0.6548
"10/08/1987",0.6535
"10/09/1987",0.6535
"10/12/1987",0.6358
"10/13/1987",0.6325
"10/14/1987",0.6388
"10/15/1987",0.6364
"10/16/1987",0.6269
"10/19/1987",0.6069
"10/20/1987",0.6004
"10/21/1987",0.6147
"10/22/1987",0.605
"10/23/1987",0.5958
"10/26/1987",0.5958
"10/27/1987",0.5838
"10/28/1987",0.5936
"10/29/1987",0.5988
"10/30/1987",0.6188
"11/02/1987",0.6347
"11/03/1987",0.614
"11/04/1987",0.621
"11/05/1987",0.6225
"11/06/1987",0.62
"11/09/1987",0.623
"11/10/1987",0.6057
"11/11/1987",0.6078
"11/12/1987",0.6278
"11/13/1987",0.6469
"11/16/1987",0.6469
"11/17/1987",0.6535
"11/18/1987",0.6468
"11/19/1987",0.634
"11/20/1987",0.621
"11/23/1987",0.6317
"11/24/1987",0.6473
"11/25/1987",0.6473
"11/27/1987",0.6525
"11/30/1987",0.6362
"12/01/1987",0.6162
"12/02/1987",0.6206
"12/03/1987",0.6006
"12/04/1987",0.589
"12/07/1987",0.5892
"12/08/1987",0.5981
"12/09/1987",0.6055
"12/10/1987",0.5963
"12/11/1987",0.5923
"12/14/1987",0.5735
"12/15/1987",0.5788
"12/16/1987",0.5988
"12/17/1987",0.617
"12/18/1987",0.6101
"12/21/1987",0.6146
"12/22/1987",0.6122
"12/23/1987",0.6291
"12/24/1987",0.642
"12/28/1987",0.636
"12/29/1987",0.6252
"12/30/1987",0.618
"12/31/1987",0.618
"01/04/1988",0.6148
"01/05/1988",0.5993
"01/06/1988",0.602
"01/07/1988",0.5958
"01/08/1988",0.5958
"01/11/1988",0.593
"01/12/1988",0.5813
"01/13/1988",0.5996
"01/14/1988",0.5929
"01/15/1988",0.5866
"01/18/1988",0.5795
"01/19/1988",0.5845
"01/20/1988",0.5741
"01/21/1988",0.5843
"01/22/1988",0.5869
"01/25/1988",0.576
"01/26/1988",0.5578
"01/27/1988",0.5653
"01/28/1988",0.5555
"01/29/1988",0.5565
"02/01/1988",0.5608
"02/02/1988",0.5618
"02/03/1988",0.5565
"02/04/1988",0.5748
"02/05/1988",0.5754
"02/08/1988",0.5725
"02/09/1988",0.5652
"02/10/1988",0.564
"02/11/1988",0.5715
"02/12/1988",0.5692
"02/16/1988",0.5798
"02/17/1988",0.5998
"02/18/1988",0.6015
"02/19/1988",0.593
"02/22/1988",0.573
"02/23/1988",0.5568
"02/24/1988",0.5612
"02/25/1988",0.5775
"02/26/1988",0.5819
"02/29/1988",0.5853
"03/01/1988",0.5895
"03/02/1988",0.5956
"03/03/1988",0.5933
"03/04/1988",0.5971
"03/07/1988",0.5872
"03/08/1988",0.5877
"03/09/1988",0.5863
"03/10/1988",0.5935
"03/11/1988",0.607
"03/14/1988",0.6097
"03/15/1988",0.6086
"03/16/1988",0.6145
"03/17/1988",0.6147
"03/18/1988",0.6103
"03/21/1988",0.6096
"03/22/1988",0.6143
"03/23/1988",0.6109
"03/24/1988",0.6143
"03/25/1988",0.6065
"03/28/1988",0.6011
"03/29/1988",0.6089
"03/30/1988",0.6117
"03/31/1988",0.6088
"04/04/1988",0.5888
"04/05/1988",0.5837
"04/06/1988",0.5897
"04/07/1988",0.5975
"04/08/1988",0.5982
"04/11/1988",0.6069
"04/12/1988",0.6127
"04/13/1988",0.6105
"04/14/1988",0.6095
"04/15/1988",0.6072
"04/18/1988",0.5937
"04/19/1988",0.5905
"04/20/1988",0.5933
"04/21/1988",0.6064
"04/22/1988",0.618
"04/25/1988",0.616
"04/26/1988",0.6169
"04/27/1988",0.6251
"04/28/1988",0.6063
"04/29/1988",0.6078
"05/02/1988",0.6043
"05/03/1988",0.6027
"05/04/1988",0.5978
"05/05/1988",0.5967
"05/06/1988",0.5923
"05/09/1988",0.6065
"05/10/1988",0.6046
"05/11/1988",0.6039
"05/12/1988",0.6198
"05/13/1988",0.6265
"05/16/1988",0.6441
"05/17/1988",0.6362
"05/18/1988",0.629
"05/19/1988",0.6265
"05/20/1988",0.6388
"05/23/1988",0.6305
"05/24/1988",0.6367
"05/25/1988",0.6257
"05/26/1988",0.624
"05/27/1988",0.6296
"05/31/1988",0.6445
"06/01/1988",0.6368
"06/02/1988",0.6364
"06/03/1988",0.6388
"06/06/1988",0.6584
"06/07/1988",0.653
"06/08/1988",0.633
"06/09/1988",0.634
"06/10/1988",0.6372
"06/13/1988",0.6405
"06/14/1988",0.6441
"06/15/1988",0.6641
"06/16/1988",0.6542
"06/17/1988",0.649
"06/20/1988",0.667
"06/21/1988",0.6625
"06/22/1988",0.658
"06/23/1988",0.638
"06/24/1988",0.6305
"06/27/1988",0.6545
"06/28/1988",0.6305
"06/29/1988",0.6105
"06/30/1988",0.591
"07/01/1988",0.596
"07/05/1988",0.5843
"07/06/1988",0.6023
"07/07/1988",0.5823
"07/08/1988",0.5823
"07/11/1988",0.5798
"07/12/1988",0.5765
"07/13/1988",0.5608
"07/14/1988",0.5625
"07/15/1988",0.5621
"07/18/1988",0.5578
"07/19/1988",0.5602
"07/20/1988",0.565
"07/21/1988",0.567
"07/22/1988",0.5724
"07/25/1988",0.5724
"07/26/1988",0.5588
"07/27/1988",0.5539
"07/28/1988",0.561
"07/29/1988",0.5647
"08/01/1988",0.5615
"08/02/1988",0.5502
"08/03/1988",0.5415
"08/04/1988",0.587
"08/05/1988",0.585
"08/08/1988",0.5847
"08/09/1988",0.595
"08/10/1988",0.6035
"08/11/1988",0.5928
"08/12/1988",0.5728
"08/15/1988",0.5725
"08/16/1988",0.569
"08/17/1988",0.5752
"08/18/1988",0.5689
"08/19/1988",0.5675
"08/22/1988",0.542
"08/23/1988",0.524
"08/24/1988",0.5275
"08/25/1988",0.5265
"08/26/1988",0.5425
"08/29/1988",0.5552
"08/30/1988",0.5431
"08/31/1988",0.5325
"09/01/1988",0.5008
"09/02/1988",0.5044
"09/06/1988",0.505
"09/07/1988",0.505
"09/08/1988",0.505
"09/09/1988",0.515
"09/12/1988",0.515
"09/13/1988",0.515
"09/14/1988",0.515
"09/15/1988",0.515
"09/16/1988",0.525
"09/19/1988",0.52
"09/20/1988",0.52
"09/21/1988",0.52
"09/22/1988",0.52
"09/23/1988",0.515
"09/26/1988",0.515
"09/27/1988",0.51
"09/28/1988",0.51
"09/29/1988",0.5025
"09/30/1988",0.495
"10/03/1988",0.495
"10/04/1988",0.495
"10/05/1988",0.495
"10/06/1988",0.495
"10/07/1988",0.505
"10/10/1988",0.505
"10/11/1988",0.505
"10/12/1988",0.505
"10/13/1988",0.5
"10/14/1988",0.51
"10/17/1988",0.5125
"10/18/1988",0.5125
"10/19/1988",0.5125
"10/20/1988",0.5125
"10/21/1988",0.5225
"10/24/1988",0.5225
"10/25/1988",0.5275
"10/26/1988",0.5275
"10/27/1988",0.52
"10/28/1988",0.5275
"10/31/1988",0.5275
"11/01/1988",0.5275
"11/02/1988",0.5275
"11/03/1988",0.5275
"11/04/1988",0.525
"11/07/1988",0.525
"11/08/1988",0.5225
"11/09/1988",0.5225
"11/10/1988",0.5225
"11/11/1988",0.5225
"11/14/1988",0.52
"11/15/1988",0.52
"11/16/1988",0.5167
"11/17/1988",0.5107
"11/18/1988",0.4982
"11/21/1988",0.4998
"11/22/1988",0.5025
"11/23/1988",0.5118
"11/25/1988",0.522
"11/28/1988",0.5273
"11/29/1988",0.5244
"11/30/1988",0.53
"12/01/1988",0.5338
"12/02/1988",0.5368
"12/05/1988",0.5396
"12/06/1988",0.5247
"12/07/1988",0.5353
"12/08/1988",0.5084
"12/09/1988",0.5145
"12/12/1988",0.5194
"12/13/1988",0.528
"12/14/1988",0.5305
"12/15/1988",0.5363
"12/16/1988",0.5365
"12/19/1988",0.538
"12/20/1988",0.538
"12/21/1988",0.5403
"12/22/1988",0.54
"12/23/1988",0.54
"12/27/1988",0.5294
"12/28/1988",0.5268
"12/29/1988",0.526
"12/30/1988",0.5324
"01/03/1989",0.5142
"01/04/1989",0.5088
"01/05/1989",0.5263
"01/06/1989",0.5432
"01/09/1989",0.5434
"01/10/1989",0.539
"01/11/1989",0.5371
"01/12/1989",0.5367
"01/13/1989",0.539
"01/16/1989",0.5405
"01/17/1989",0.5449
"01/18/1989",0.5423
"01/19/1989",0.543
"01/20/1989",0.5438
"01/23/1989",0.5528
"01/24/1989",0.5521
"01/25/1989",0.547
"01/26/1989",0.5528
"01/27/1989",0.5565
"01/30/1989",0.5493
"01/31/1989",0.5503
"02/01/1989",0.5555
"02/02/1989",0.5462
"02/03/1989",0.5424
"02/06/1989",0.5497
"02/07/1989",0.5468
"02/08/1989",0.5464
"02/09/1989",0.5289
"02/10/1989",0.5363
"02/13/1989",0.5319
"02/14/1989",0.5405
"02/15/1989",0.5446
"02/16/1989",0.5373
"02/17/1989",0.5385
"02/21/1989",0.5432
"02/22/1989",0.5498
"02/23/1989",0.545
"02/24/1989",0.5398
"02/27/1989",0.5415
"02/28/1989",0.5379
"03/01/1989",0.5363
"03/02/1989",0.5354
"03/03/1989",0.55
"03/06/1989",0.55
"03/07/1989",0.55
"03/08/1989",0.55
"03/09/1989",0.55
"03/10/1989",0.555
"03/13/1989",0.555
"03/14/1989",0.555
"03/15/1989",0.56
"03/16/1989",0.56
"03/17/1989",0.57
"03/20/1989",0.57
"03/21/1989",0.57
"03/22/1989",0.57
"03/23/1989",0.57
"03/27/1989",0.585
"03/28/1989",0.5775
"03/29/1989",0.5775
"03/30/1989",0.5775
"03/31/1989",0.5775
"04/03/1989",0.5775
"04/04/1989",0.57
"04/05/1989",0.57
"04/06/1989",0.585
"04/07/1989",0.595
"04/10/1989",0.595
"04/11/1989",0.605
"04/12/1989",0.6
"04/13/1989",0.6071
"04/14/1989",0.6024
"04/17/1989",0.6031
"04/18/1989",0.6118
"04/19/1989",0.6107
"04/20/1989",0.6073
"04/21/1989",0.6146
"04/24/1989",0.6116
"04/25/1989",0.6084
"04/26/1989",0.6005
"04/27/1989",0.5989
"04/28/1989",0.5968
"05/01/1989",0.599
"05/02/1989",0.6098
"05/03/1989",0.6225
"05/04/1989",0.627
"05/05/1989",0.6265
"05/08/1989",0.6279
"05/09/1989",0.6251
"05/10/1989",0.632
"05/11/1989",0.6338
"05/12/1989",0.6353
"05/15/1989",0.6296
"05/16/1989",0.6248
"05/17/1989",0.6272
"05/18/1989",0.6306
"05/19/1989",0.6275
"05/22/1989",0.6222
"05/23/1989",0.6235
"05/24/1989",0.6255
"05/25/1989",0.624
"05/26/1989",0.6282
"05/30/1989",0.632
"05/31/1989",0.6361
"06/01/1989",0.6341
"06/02/1989",0.6311
"06/05/1989",0.6111
"06/06/1989",0.5958
"06/07/1989",0.5891
"06/08/1989",0.5993
"06/09/1989",0.607
"06/12/1989",0.627
"06/13/1989",0.6449
"06/14/1989",0.6509
"06/15/1989",0.6269
"06/16/1989",0.6296
"06/19/1989",0.6191
"06/20/1989",0.635
"06/21/1989",0.635
"06/22/1989",0.64
"06/23/1989",0.64
"06/26/1989",0.64
"06/27/1989",0.64
"06/28/1989",0.64
"06/29/1989",0.64
"06/30/1989",0.6425
"07/03/1989",0.6475
"07/05/1989",0.6525
"07/06/1989",0.6525
"07/07/1989",0.6435
"07/10/1989",0.6475
"07/11/1989",0.6475
"07/12/1989",0.6475
"07/13/1989",0.655
"07/14/1989",0.66
"07/17/1989",0.6675
"07/18/1989",0.67
"07/19/1989",0.67
"07/20/1989",0.67
"07/21/1989",0.67
"07/24/1989",0.67
"07/25/1989",0.67
"07/26/1989",0.67
"07/27/1989",0.68
"07/28/1989",0.68
"07/31/1989",0.7
"08/01/1989",0.7075
"08/02/1989",0.7075
"08/03/1989",0.7075
"08/04/1989",0.7075
"08/07/1989",0.7075
"08/08/1989",0.6975
"08/09/1989",0.7025
"08/10/1989",0.7025
"08/11/1989",0.7025
"08/14/1989",0.7025
"08/15/1989",0.6925
"08/16/1989",0.68
"08/17/1989",0.68
"08/18/1989",0.68
"08/21/1989",0.68
"08/22/1989",0.695
"08/23/1989",0.695
"08/24/1989",0.695
"08/25/1989",0.7
"08/28/1989",0.7
"08/29/1989",0.7
"08/30/1989",0.7
"08/31/1989",0.7
"09/01/1989",0.7
"09/05/1989",0.7
"09/06/1989",0.68
"09/07/1989",0.6748
"09/08/1989",0.674
"09/11/1989",0.6717
"09/12/1989",0.6677
"09/13/1989",0.6877
"09/14/1989",0.6924
"09/15/1989",0.6895
"09/18/1989",0.6899
"09/19/1989",0.6881
"09/20/1989",0.685
"09/21/1989",0.6704
"09/22/1989",0.668
"09/25/1989",0.677
"09/26/1989",0.672
"09/27/1989",0.6573
"09/28/1989",0.6603
"09/29/1989",0.6793
"10/02/1989",0.6938
"10/03/1989",0.6872
"10/04/1989",0.6845
"10/05/1989",0.6837
"10/06/1989",0.699
"10/09/1989",0.6861
"10/10/1989",0.6824
"10/11/1989",0.6833
"10/12/1989",0.6905
"10/13/1989",0.6945
"10/16/1989",0.6873
"10/17/1989",0.6753
"10/18/1989",0.6817
"10/19/1989",0.6753
"10/20/1989",0.679
"10/23/1989",0.6802
"10/24/1989",0.6813
"10/25/1989",0.6872
"10/26/1989",0.6893
"10/27/1989",0.6833
"10/30/1989",0.6893
"10/31/1989",0.6998
"11/01/1989",0.7007
"11/02/1989",0.7013
"11/03/1989",0.6987
"11/06/1989",0.6902
"11/07/1989",0.6895
"11/08/1989",0.6915
"11/09/1989",0.6934
"11/10/1989",0.6742
"11/13/1989",0.6646
"11/14/1989",0.6667
"11/15/1989",0.6703
"11/16/1989",0.6654
"11/17/1989",0.6659
"11/20/1989",0.657
"11/21/1989",0.6519
"11/22/1989",0.6572
"11/24/1989",0.6572
"11/27/1989",0.6358
"11/28/1989",0.6245
"11/29/1989",0.6274
"11/30/1989",0.6338
"12/01/1989",0.6344
"12/04/1989",0.6144
"12/05/1989",0.6097
"12/06/1989",0.6165
"12/07/1989",0.6011
"12/08/1989",0.5868
"12/11/1989",0.6041
"12/12/1989",0.6073
"12/13/1989",0.6164
"12/14/1989",0.6065
"12/15/1989",0.615
"12/18/1989",0.6142
"12/19/1989",0.6047
"12/20/1989",0.5986
"12/21/1989",0.6103
"12/22/1989",0.6171
"12/26/1989",0.6371
"12/27/1989",0.6327
"12/28/1989",0.6286
"12/29/1989",0.6232
"01/02/1990",0.6159
"01/03/1990",0.6285
"01/04/1990",0.611
"01/05/1990",0.6006
"01/08/1990",0.6015
"01/09/1990",0.6038
"01/10/1990",0.5923
"01/11/1990",0.609
"01/12/1990",0.604
"01/15/1990",0.6047
"01/16/1990",0.601
"01/17/1990",0.6115
"01/18/1990",0.6075
"01/19/1990",0.6127
"01/22/1990",0.6096
"01/23/1990",0.6104
"01/24/1990",0.602
"01/25/1990",0.5942
"01/26/1990",0.5876
"01/29/1990",0.5891
"01/30/1990",0.5997
"01/31/1990",0.6205
"02/01/1990",0.6191
"02/02/1990",0.6211
"02/05/1990",0.6264
"02/06/1990",0.6152
"02/07/1990",0.6243
"02/08/1990",0.6267
"02/09/1990",0.62
"02/12/1990",0.6278
"02/13/1990",0.6393
"02/14/1990",0.6483
"02/15/1990",0.6521
"02/16/1990",0.6484
"02/20/1990",0.6444
"02/21/1990",0.6523
"02/22/1990",0.6497
"02/23/1990",0.6498
"02/26/1990",0.6498
"02/27/1990",0.6488
"02/28/1990",0.6466
"03/01/1990",0.6455
"03/02/1990",0.6479
"03/05/1990",0.6679
"03/06/1990",0.667
"03/07/1990",0.6677
"03/08/1990",0.6812
"03/09/1990",0.682
"03/12/1990",0.682
"03/13/1990",0.6778
"03/14/1990",0.674
"03/15/1990",0.6724
"03/16/1990",0.682
"03/19/1990",0.6811
"03/20/1990",0.6711
"03/21/1990",0.6652
"03/22/1990",0.6671
"03/23/1990",0.6744
"03/26/1990",0.6732
"03/27/1990",0.6751
"03/28/1990",0.6763
"03/29/1990",0.6912
"03/30/1990",0.697
"04/02/1990",0.7116
"04/03/1990",0.7101
"04/04/1990",0.7097
"04/05/1990",0.7076
"04/06/1990",0.7003
"04/09/1990",0.7013
"04/10/1990",0.7139
"04/11/1990",0.7083
"04/12/1990",0.7113
"04/16/1990",0.7132
"04/17/1990",0.713
"04/18/1990",0.7025
"04/19/1990",0.7048
"04/20/1990",0.7155
"04/23/1990",0.7283
"04/24/1990",0.7247
"04/25/1990",0.7236
"04/26/1990",0.729
"04/27/1990",0.7288
"04/30/1990",0.7236
"05/01/1990",0.722
"05/02/1990",0.729
"05/03/1990",0.7323
"05/04/1990",0.7226
"05/07/1990",0.7282
"05/08/1990",0.7312
"05/09/1990",0.7397
"05/10/1990",0.7438
"05/11/1990",0.7436
"05/14/1990",0.7392
"05/15/1990",0.7415
"05/16/1990",0.7424
"05/17/1990",0.7515
"05/18/1990",0.7513
"05/21/1990",0.7713
"05/22/1990",0.7677
"05/23/1990",0.8002
"05/24/1990",0.7979
"05/25/1990",0.8028
"05/29/1990",0.8228
"05/30/1990",0.8138
"05/31/1990",0.7842
"06/01/1990",0.7952
"06/04/1990",0.7956
"06/05/1990",0.7984
"06/06/1990",0.791
"06/07/1990",0.7884
"06/08/1990",0.7601
"06/11/1990",0.7554
"06/12/1990",0.7662
"06/13/1990",0.7628
"06/14/1990",0.7668
"06/15/1990",0.7683
"06/18/1990",0.7872
"06/19/1990",0.7872
"06/20/1990",0.7965
"06/21/1990",0.7955
"06/22/1990",0.796
"06/25/1990",0.8038
"06/26/1990",0.8018
"06/27/1990",0.797
"06/28/1990",0.7967
"06/29/1990",0.8023
"07/02/1990",0.7956
"07/03/1990",0.8205
"07/05/1990",0.8474
"07/06/1990",0.8474
"07/09/1990",0.8274
"07/10/1990",0.8083
"07/11/1990",0.811
"07/12/1990",0.8085
"07/13/1990",0.821
"07/16/1990",0.8249
"07/17/1990",0.8275
"07/18/1990",0.8221
"07/19/1990",0.815
"07/20/1990",0.8123
"07/23/1990",0.819
"07/24/1990",0.8165
"07/25/1990",0.8138
"07/26/1990",0.817
"07/27/1990",0.8238
"07/30/1990",0.8148
"07/31/1990",0.8128
"08/01/1990",0.8042
"08/02/1990",0.8039
"08/03/1990",0.814
"08/06/1990",0.8161
"08/07/1990",0.8199
"08/08/1990",0.8158
"08/09/1990",0.8026
"08/10/1990",0.7985
"08/13/1990",0.7785
"08/14/1990",0.7535
"08/15/1990",0.7335
"08/16/1990",0.7335
"08/17/1990",0.7314
"08/20/1990",0.7423
"08/21/1990",0.7498
"08/22/1990",0.7562
"08/23/1990",0.7592
"08/24/1990",0.7732
"08/27/1990",0.7655
"08/28/1990",0.7533
"08/29/1990",0.7576
"08/30/1990",0.7508
"08/31/1990",0.7433
"09/04/1990",0.7413
"09/05/1990",0.7448
"09/06/1990",0.7198
"09/07/1990",0.7016
"09/10/1990",0.6908
"09/11/1990",0.6867
"09/12/1990",0.704
"09/13/1990",0.6862
"09/14/1990",0.682
"09/17/1990",0.691
"09/18/1990",0.688
"09/19/1990",0.7045
"09/20/1990",0.703
"09/21/1990",0.6954
"09/24/1990",0.6764
"09/25/1990",0.6832
"09/26/1990",0.6878
"09/27/1990",0.6884
"09/28/1990",0.6867
"10/01/1990",0.6833
"10/02/1990",0.691
"10/03/1990",0.6878
"10/04/1990",0.6769
"10/05/1990",0.6855
"10/08/1990",0.6951
"10/09/1990",0.6918
"10/10/1990",0.6921
"10/11/1990",0.6929
"10/12/1990",0.6908
"10/15/1990",0.6883
"10/16/1990",0.6951
"10/17/1990",0.6932
"10/18/1990",0.6896
"10/19/1990",0.6848
"10/22/1990",0.6987
"10/23/1990",0.6943
"10/24/1990",0.6833
"10/25/1990",0.6872
"10/26/1990",0.6851
"10/29/1990",0.6979
"10/30/1990",0.6917
"10/31/1990",0.6928
"11/01/1990",0.6829
"11/02/1990",0.6848
"11/05/1990",0.6648
"11/06/1990",0.6533
"11/07/1990",0.6717
"11/08/1990",0.6737
"11/09/1990",0.6657
"11/12/1990",0.6589
"11/13/1990",0.6737
"11/14/1990",0.6749
"11/15/1990",0.6765
"11/16/1990",0.6713
"11/19/1990",0.6765
"11/20/1990",0.6726
"11/21/1990",0.6778
"11/23/1990",0.6793
"11/26/1990",0.6785
"11/27/1990",0.6753
"11/28/1990",0.6741
"11/29/1990",0.6643
"11/30/1990",0.6743
"12/03/1990",0.6701
"12/04/1990",0.6713
"12/05/1990",0.6688
"12/06/1990",0.6752
"12/07/1990",0.6768
"12/10/1990",0.69
"12/11/1990",0.6869
"12/12/1990",0.6821
"12/13/1990",0.6847
"12/14/1990",0.6936
"12/17/1990",0.6873
"12/18/1990",0.6817
"12/19/1990",0.6849
"12/20/1990",0.6941
"12/21/1990",0.6902
"12/24/1990",0.6902
"12/26/1990",0.7
"12/27/1990",0.6944
"12/28/1990",0.7055
"12/31/1990",0.7055
"01/02/1991",0.6855
"01/03/1991",0.6955
"01/04/1991",0.6955
"01/07/1991",0.6873
"01/08/1991",0.6843
"01/09/1991",0.6822
"01/10/1991",0.6892
"01/11/1991",0.6927
"01/14/1991",0.691
"01/15/1991",0.6907
"01/16/1991",0.693
"01/17/1991",0.7091
"01/18/1991",0.7077
"01/21/1991",0.7048
"01/22/1991",0.7011
"01/23/1991",0.6993
"01/24/1991",0.699
"01/25/1991",0.7128
"01/28/1991",0.7117
"01/29/1991",0.7244
"01/30/1991",0.7268
"01/31/1991",0.7274
"02/01/1991",0.7278
"02/04/1991",0.7398
"02/05/1991",0.7592
"02/06/1991",0.7697
"02/07/1991",0.7505
"02/08/1991",0.7638
"02/11/1991",0.754
"02/12/1991",0.7589
"02/13/1991",0.7588
"02/14/1991",0.7653
"02/15/1991",0.7833
"02/19/1991",0.7971
"02/20/1991",0.7865
"02/21/1991",0.7894
"02/22/1991",0.8219
"02/25/1991",0.8189
"02/26/1991",0.8034
"02/27/1991",0.8087
"02/28/1991",0.8218
"03/01/1991",0.8313
"03/04/1991",0.825
"03/05/1991",0.8133
"03/06/1991",0.7995
"03/07/1991",0.7945
"03/08/1991",0.7918
"03/11/1991",0.7837
"03/12/1991",0.8007
"03/13/1991",0.8053
"03/14/1991",0.8019
"03/15/1991",0.805
"03/18/1991",0.7887
"03/19/1991",0.7692
"03/20/1991",0.7711
"03/21/1991",0.7818
"03/22/1991",0.7618
"03/25/1991",0.7638
"03/26/1991",0.7642
"03/27/1991",0.7753
"03/28/1991",0.7657
"04/01/1991",0.7857
"04/02/1991",0.7845
"04/03/1991",0.7833
"04/04/1991",0.7874
"04/05/1991",0.8084
"04/08/1991",0.8284
"04/09/1991",0.841
"04/10/1991",0.8345
"04/11/1991",0.8213
"04/12/1991",0.8399
"04/15/1991",0.8335
"04/16/1991",0.8183
"04/17/1991",0.8244
"04/18/1991",0.8256
"04/19/1991",0.8301
"04/22/1991",0.8297
"04/23/1991",0.824
"04/24/1991",0.82
"04/25/1991",0.8355
"04/26/1991",0.8388
"04/29/1991",0.8468
"04/30/1991",0.8574
"05/01/1991",0.8625
"05/02/1991",0.8613
"05/03/1991",0.8757
"05/06/1991",0.8633
"05/07/1991",0.8654
"05/08/1991",0.8622
"05/09/1991",0.8655
"05/10/1991",0.8572
"05/13/1991",0.8663
"05/14/1991",0.8833
"05/15/1991",0.8996
"05/16/1991",0.8983
"05/17/1991",0.903
"05/20/1991",0.9205
"05/21/1991",0.9186
"05/22/1991",0.8986
"05/23/1991",0.8786
"05/24/1991",0.8852
"05/28/1991",0.878
"05/29/1991",0.8666
"05/30/1991",0.8527
"05/31/1991",0.8408
"06/03/1991",0.83
"06/04/1991",0.8458
"06/05/1991",0.8474
"06/06/1991",0.8441
"06/07/1991",0.8531
"06/10/1991",0.8545
"06/11/1991",0.8365
"06/12/1991",0.8278
"06/13/1991",0.8265
"06/14/1991",0.8285
"06/17/1991",0.839
"06/18/1991",0.8255
"06/19/1991",0.8225
"06/20/1991",0.8394
"06/21/1991",0.8312
"06/24/1991",0.8112
"06/25/1991",0.8157
"06/26/1991",0.8133
"06/27/1991",0.809
"06/28/1991",0.789
"07/01/1991",0.769
"07/02/1991",0.7665
"07/03/1991",0.7708
"07/05/1991",0.7708
"07/08/1991",0.7653
"07/09/1991",0.7453
"07/10/1991",0.7409
"07/11/1991",0.7452
"07/12/1991",0.7441
"07/15/1991",0.7266
"07/16/1991",0.7376
"07/17/1991",0.7523
"07/18/1991",0.7455
"07/19/1991",0.7413
"07/22/1991",0.7467
"07/23/1991",0.7498
"07/24/1991",0.7332
"07/25/1991",0.7308
"07/26/1991",0.7315
"07/29/1991",0.7222
"07/30/1991",0.7244
"07/31/1991",0.7227
"08/01/1991",0.7355
"08/02/1991",0.7414
"08/05/1991",0.7381
"08/06/1991",0.7395
"08/07/1991",0.733
"08/08/1991",0.7277
"08/09/1991",0.7115
"08/12/1991",0.698
"08/13/1991",0.678
"08/14/1991",0.673
"08/15/1991",0.6803
"08/16/1991",0.6812
"08/19/1991",0.6972
"08/20/1991",0.702
"08/21/1991",0.692
"08/22/1991",0.6894
"08/23/1991",0.682
"08/26/1991",0.6823
"08/27/1991",0.6892
"08/28/1991",0.7003
"08/29/1991",0.69
"08/30/1991",0.675
"09/03/1991",0.685
"09/04/1991",0.681
"09/05/1991",0.6845
"09/06/1991",0.6757
"09/09/1991",0.6794
"09/10/1991",0.675
"09/11/1991",0.667
"09/12/1991",0.6532
"09/13/1991",0.6455
"09/16/1991",0.6535
"09/17/1991",0.6416
"09/18/1991",0.6223
"09/19/1991",0.6149
"09/20/1991",0.6141
"09/23/1991",0.6173
"09/24/1991",0.5954
"09/25/1991",0.5909
"09/26/1991",0.589
"09/27/1991",0.5834
"09/30/1991",0.5768
"10/01/1991",0.5902
"10/02/1991",0.5851
"10/03/1991",0.6021
"10/04/1991",0.5914
"10/07/1991",0.5792
"10/08/1991",0.5775
"10/09/1991",0.5795
"10/10/1991",0.576
"10/11/1991",0.5802
"10/14/1991",0.5699
"10/15/1991",0.5715
"10/16/1991",0.5745
"10/17/1991",0.5679
"10/18/1991",0.5665
"10/21/1991",0.5637
"10/22/1991",0.5672
"10/23/1991",0.5635
"10/24/1991",0.563
"10/25/1991",0.5618
"10/28/1991",0.5563
"10/29/1991",0.5507
"10/30/1991",0.5482
"10/31/1991",0.5503
"11/01/1991",0.5583
"11/04/1991",0.545
"11/05/1991",0.533
"11/06/1991",0.5373
"11/07/1991",0.5371
"11/08/1991",0.5302
"11/11/1991",0.5217
"11/12/1991",0.5292
"11/13/1991",0.5202
"11/14/1991",0.5402
"11/15/1991",0.5281
"11/18/1991",0.5326
"11/19/1991",0.5395
"11/20/1991",0.5407
"11/21/1991",0.5473
"11/22/1991",0.5273
"11/25/1991",0.5269
"11/26/1991",0.5292
"11/27/1991",0.534
"11/29/1991",0.534
"12/02/1991",0.5298
"12/03/1991",0.5361
"12/04/1991",0.5321
"12/05/1991",0.5232
"12/06/1991",0.5266
"12/09/1991",0.529
"12/10/1991",0.5343
"12/11/1991",0.531
"12/12/1991",0.5238
"12/13/1991",0.5295
"12/16/1991",0.5391
"12/17/1991",0.5394
"12/18/1991",0.528
"12/19/1991",0.5242
"12/20/1991",0.5209
"12/23/1991",0.5194
"12/24/1991",0.5207
"12/26/1991",0.5264
"12/27/1991",0.5228
"12/30/1991",0.5228
"12/31/1991",0.5217
"01/02/1992",0.5258
"01/03/1992",0.5283
"01/06/1992",0.531
"01/07/1992",0.5343
"01/08/1992",0.5194
"01/09/1992",0.5023
"01/10/1992",0.503
"01/13/1992",0.4907
"01/14/1992",0.4943
"01/15/1992",0.5005
"01/16/1992",0.4957
"01/17/1992",0.4986
"01/20/1992",0.4965
"01/21/1992",0.4921
"01/22/1992",0.4992
"01/23/1992",0.4991
"01/24/1992",0.49
"01/27/1992",0.4768
"01/28/1992",0.4688
"01/29/1992",0.4745
"01/30/1992",0.4738
"01/31/1992",0.4681
"02/03/1992",0.4698
"02/04/1992",0.484
"02/05/1992",0.4806
"02/06/1992",0.4781
"02/07/1992",0.4854
"02/10/1992",0.4895
"02/11/1992",0.4778
"02/12/1992",0.4919
"02/13/1992",0.4787
"02/14/1992",0.4872
"02/18/1992",0.485
"02/19/1992",0.489
"02/20/1992",0.4972
"02/21/1992",0.4975
"02/24/1992",0.4983
"02/25/1992",0.514
"02/26/1992",0.5121
"02/27/1992",0.5085
"02/28/1992",0.507
"03/02/1992",0.5128
"03/03/1992",0.5057
"03/04/1992",0.4934
"03/05/1992",0.486
"03/06/1992",0.4753
"03/09/1992",0.4836
"03/10/1992",0.5008
"03/11/1992",0.4781
"03/12/1992",0.491
"03/13/1992",0.4879
"03/16/1992",0.4985
"03/17/1992",0.4944
"03/18/1992",0.5035
"03/19/1992",0.5114
"03/20/1992",0.5113
"03/23/1992",0.509
"03/24/1992",0.5086
"03/25/1992",0.5147
"03/26/1992",0.5244
"03/27/1992",0.5328
"03/30/1992",0.5257
"03/31/1992",0.536
"04/01/1992",0.5315
"04/02/1992",0.5365
"04/03/1992",0.5474
"04/06/1992",0.5458
"04/07/1992",0.5369
"04/08/1992",0.525
"04/09/1992",0.529
"04/10/1992",0.526
"04/13/1992",0.5141
"04/14/1992",0.5141
"04/15/1992",0.5123
"04/16/1992",0.5199
"04/20/1992",0.5208
"04/21/1992",0.5188
"04/22/1992",0.5195
"04/23/1992",0.54
"04/24/1992",0.5427
"04/27/1992",0.5524
"04/28/1992",0.55
"04/29/1992",0.5469
"04/30/1992",0.5565
"05/01/1992",0.5414
"05/04/1992",0.5506
"05/05/1992",0.5434
"05/06/1992",0.531
"05/07/1992",0.5418
"05/08/1992",0.5322
"05/11/1992",0.5365
"05/12/1992",0.5462
"05/13/1992",0.5655
"05/14/1992",0.5613
"05/15/1992",0.5565
"05/18/1992",0.5515
"05/19/1992",0.5315
"05/20/1992",0.5455
"05/21/1992",0.5255
"05/22/1992",0.5217
"05/26/1992",0.524
"05/27/1992",0.5433
"05/28/1992",0.5462
"05/29/1992",0.5454
"06/01/1992",0.5493
"06/02/1992",0.556
"06/03/1992",0.5538
"06/04/1992",0.5508
"06/05/1992",0.5607
"06/08/1992",0.5794
"06/09/1992",0.5899
"06/10/1992",0.5814
"06/11/1992",0.5923
"06/12/1992",0.6072
"06/15/1992",0.604
"06/16/1992",0.5891
"06/17/1992",0.5795
"06/18/1992",0.6027
"06/19/1992",0.6022
"06/22/1992",0.5998
"06/23/1992",0.6151
"06/24/1992",0.62
"06/25/1992",0.6168
"06/26/1992",0.622
"06/29/1992",0.6217
"06/30/1992",0.6201
"07/01/1992",0.6127
"07/02/1992",0.6158
"07/06/1992",0.6055
"07/07/1992",0.6045
"07/08/1992",0.6163
"07/09/1992",0.6175
"07/10/1992",0.624
"07/13/1992",0.6175
"07/14/1992",0.6148
"07/15/1992",0.616
"07/16/1992",0.6083
"07/17/1992",0.612
"07/20/1992",0.605
"07/21/1992",0.6032
"07/22/1992",0.6098
"07/23/1992",0.6095
"07/24/1992",0.6036
"07/27/1992",0.5957
"07/28/1992",0.5884
"07/29/1992",0.5913
"07/30/1992",0.5932
"07/31/1992",0.5967
"08/03/1992",0.6049
"08/04/1992",0.6106
"08/05/1992",0.6018
"08/06/1992",0.595
"08/07/1992",0.5956
"08/10/1992",0.5936
"08/11/1992",0.5745
"08/12/1992",0.58
"08/13/1992",0.5663
"08/14/1992",0.5695
"08/17/1992",0.5746
"08/18/1992",0.5788
"08/19/1992",0.5677
"08/20/1992",0.5626
"08/21/1992",0.5668
"08/24/1992",0.5868
"08/25/1992",0.5745
"08/26/1992",0.5731
"08/27/1992",0.5728
"08/28/1992",0.5579
"08/31/1992",0.5496
"09/01/1992",0.544
"09/02/1992",0.5498
"09/03/1992",0.559
"09/04/1992",0.5638
"09/08/1992",0.5554
"09/09/1992",0.5507
"09/10/1992",0.564
"09/11/1992",0.5783
"09/14/1992",0.5808
"09/15/1992",0.5965
"09/16/1992",0.5923
"09/17/1992",0.5985
"09/18/1992",0.5976
"09/21/1992",0.5917
"09/22/1992",0.5506
"09/23/1992",0.5185
"09/24/1992",0.5095
"09/25/1992",0.5112
"09/28/1992",0.4912
"09/29/1992",0.4944
"09/30/1992",0.4936
"10/01/1992",0.5008
"10/02/1992",0.4911
"10/05/1992",0.492
"10/06/1992",0.502
"10/07/1992",0.5053
"10/08/1992",0.5026
"10/09/1992",0.502
"10/12/1992",0.5169
"10/13/1992",0.5125
"10/14/1992",0.5227
"10/15/1992",0.5207
"10/16/1992",0.5173
"10/19/1992",0.5268
"10/20/1992",0.5134
"10/21/1992",0.5081
"10/22/1992",0.5015
"10/23/1992",0.496
"10/26/1992",0.4807
"10/27/1992",0.4839
"10/28/1992",0.4821
"10/29/1992",0.4854
"10/30/1992",0.487
"11/02/1992",0.4993
"11/03/1992",0.5143
"11/04/1992",0.5101
"11/05/1992",0.5052
"11/06/1992",0.5118
"11/09/1992",0.5123
"11/10/1992",0.5007
"11/11/1992",0.4946
"11/12/1992",0.494
"11/13/1992",0.5125
"11/16/1992",0.5099
"11/17/1992",0.5071
"11/18/1992",0.5038
"11/19/1992",0.5048
"11/20/1992",0.514
"11/23/1992",0.5145
"11/24/1992",0.5053
"11/25/1992",0.502
"11/27/1992",0.502
"11/30/1992",0.5162
"12/01/1992",0.516
"12/02/1992",0.5151
"12/03/1992",0.5213
"12/04/1992",0.5237
"12/07/1992",0.5203
"12/08/1992",0.5198
"12/09/1992",0.5329
"12/10/1992",0.5306
"12/11/1992",0.5255
"12/14/1992",0.5204
"12/15/1992",0.5216
"12/16/1992",0.5098
"12/17/1992",0.5076
"12/18/1992",0.5125
"12/21/1992",0.5174
"12/22/1992",0.5128
"12/23/1992",0.5158
"12/24/1992",0.5156
"12/28/1992",0.5238
"12/29/1992",0.521
"12/30/1992",0.5241
"12/31/1992",0.5236
"01/04/1993",0.5192
"01/05/1993",0.5208
"01/06/1993",0.5304
"01/07/1993",0.5408
"01/08/1993",0.5379
"01/11/1993",0.538
"01/12/1993",0.5378
"01/13/1993",0.5393
"01/14/1993",0.5471
"01/15/1993",0.5439
"01/18/1993",0.5401
"01/19/1993",0.5455
"01/20/1993",0.554
"01/21/1993",0.5587
"01/22/1993",0.559
"01/25/1993",0.559
"01/26/1993",0.528
"01/27/1993",0.5094
"01/28/1993",0.5176
"01/29/1993",0.5234
"02/01/1993",0.522
"02/02/1993",0.5278
"02/03/1993",0.5298
"02/04/1993",0.5476
"02/05/1993",0.5441
"02/08/1993",0.5407
"02/09/1993",0.5325
"02/10/1993",0.5625
"02/11/1993",0.5558
"02/12/1993",0.559
"02/16/1993",0.5696
"02/17/1993",0.566
"02/18/1993",0.5739
"02/19/1993",0.582
"02/22/1993",0.5746
"02/23/1993",0.5803
"02/24/1993",0.5774
"02/25/1993",0.5702
"02/26/1993",0.5732
"03/01/1993",0.5683
"03/02/1993",0.5618
"03/03/1993",0.569
"03/04/1993",0.5658
"03/05/1993",0.5837
"03/08/1993",0.5798
"03/09/1993",0.5861
"03/10/1993",0.6054
"03/11/1993",0.5995
"03/12/1993",0.5975
"03/15/1993",0.5965
"03/16/1993",0.5855
"03/17/1993",0.5655
"03/18/1993",0.5638
"03/19/1993",0.576
"03/22/1993",0.5796
"03/23/1993",0.566
"03/24/1993",0.5671
"03/25/1993",0.5632
"03/26/1993",0.5655
"03/29/1993",0.5692
"03/30/1993",0.5662
"03/31/1993",0.5653
"04/01/1993",0.5596
"04/02/1993",0.5592
"04/05/1993",0.5792
"04/06/1993",0.5766
"04/07/1993",0.5704
"04/08/1993",0.5702
"04/12/1993",0.5735
"04/13/1993",0.5667
"04/14/1993",0.5835
"04/15/1993",0.5814
"04/16/1993",0.589
"04/19/1993",0.5943
"04/20/1993",0.5867
"04/21/1993",0.585
"04/22/1993",0.5788
"04/23/1993",0.5788
"04/26/1993",0.5843
"04/27/1993",0.5775
"04/28/1993",0.5626
"04/29/1993",0.5722
"04/30/1993",0.573
"05/03/1993",0.561
"05/04/1993",0.5584
"05/05/1993",0.5723
"05/06/1993",0.5858
"05/07/1993",0.5874
"05/10/1993",0.587
"05/11/1993",0.5814
"05/12/1993",0.5802
"05/13/1993",0.5844
"05/14/1993",0.5865
"05/17/1993",0.5717
"05/18/1993",0.5923
"05/19/1993",0.5855
"05/20/1993",0.5857
"05/21/1993",0.5846
"05/24/1993",0.5884
"05/25/1993",0.5789
"05/26/1993",0.5719
"05/27/1993",0.5735
"05/28/1993",0.5711
"06/01/1993",0.57
"06/02/1993",0.5765
"06/03/1993",0.5762
"06/04/1993",0.5708
"06/07/1993",0.5746
"06/08/1993",0.5624
"06/09/1993",0.554
"06/10/1993",0.5552
"06/11/1993",0.5522
"06/14/1993",0.5587
"06/15/1993",0.561
"06/16/1993",0.5572
"06/17/1993",0.5542
"06/18/1993",0.5542
"06/21/1993",0.55
"06/22/1993",0.5515
"06/23/1993",0.5481
"06/24/1993",0.5438
"06/25/1993",0.5455
"06/28/1993",0.5477
"06/29/1993",0.5427
"06/30/1993",0.5445
"07/01/1993",0.536
"07/02/1993",0.5375
"07/06/1993",0.5497
"07/07/1993",0.5475
"07/08/1993",0.5485
"07/09/1993",0.5672
"07/12/1993",0.5747
"07/13/1993",0.571
"07/14/1993",0.5557
"07/15/1993",0.5502
"07/16/1993",0.555
"07/19/1993",0.562
"07/20/1993",0.5735
"07/21/1993",0.581
"07/22/1993",0.5755
"07/23/1993",0.5755
"07/26/1993",0.5767
"07/27/1993",0.563
"07/28/1993",0.5667
"07/29/1993",0.5505
"07/30/1993",0.5412
"08/02/1993",0.5614
"08/03/1993",0.5497
"08/04/1993",0.5551
"08/05/1993",0.5455
"08/06/1993",0.5395
"08/09/1993",0.5423
"08/10/1993",0.5463
"08/11/1993",0.5363
"08/12/1993",0.5192
"08/13/1993",0.5284
"08/16/1993",0.5282
"08/17/1993",0.5256
"08/18/1993",0.5327
"08/19/1993",0.5313
"08/20/1993",0.5303
"08/23/1993",0.5348
"08/24/1993",0.536
"08/25/1993",0.5509
"08/26/1993",0.5447
"08/27/1993",0.5522
"08/30/1993",0.539
"08/31/1993",0.5431
"09/01/1993",0.5345
"09/02/1993",0.5477
"09/03/1993",0.544
"09/07/1993",0.5508
"09/08/1993",0.5478
"09/09/1993",0.5495
"09/10/1993",0.5682
"09/13/1993",0.5675
"09/14/1993",0.5565
"09/15/1993",0.5593
"09/16/1993",0.56
"09/17/1993",0.5665
"09/20/1993",0.5604
"09/21/1993",0.5613
"09/22/1993",0.5618
"09/23/1993",0.5465
"09/24/1993",0.5716
"09/27/1993",0.5742
"09/28/1993",0.5641
"09/29/1993",0.5581
"09/30/1993",0.562
"10/01/1993",0.551
"10/04/1993",0.5574
"10/05/1993",0.5604
"10/06/1993",0.563
"10/07/1993",0.5668
"10/08/1993",0.5785
"10/11/1993",0.582
"10/12/1993",0.5756
"10/13/1993",0.5627
"10/14/1993",0.5587
"10/15/1993",0.5606
"10/18/1993",0.554
"10/19/1993",0.5517
"10/20/1993",0.5513
"10/21/1993",0.5574
"10/22/1993",0.5605
"10/25/1993",0.5573
"10/26/1993",0.5589
"10/27/1993",0.5614
"10/28/1993",0.5672
"10/29/1993",0.5677
"11/01/1993",0.5667
"11/02/1993",0.5705
"11/03/1993",0.5675
"11/04/1993",0.5525
"11/05/1993",0.5547
"11/08/1993",0.5513
"11/09/1993",0.5535
"11/10/1993",0.5667
"11/11/1993",0.579
"11/12/1993",0.5736
"11/15/1993",0.5776
"11/16/1993",0.5707
"11/17/1993",0.5668
"11/18/1993",0.574
"11/19/1993",0.5919
"11/22/1993",0.5903
"11/23/1993",0.5909
"11/24/1993",0.5918
"11/26/1993",0.5918
"11/29/1993",0.5886
"11/30/1993",0.5873
"12/01/1993",0.5858
"12/02/1993",0.589
"12/03/1993",0.6065
"12/06/1993",0.6026
"12/07/1993",0.6185
"12/08/1993",0.6116
"12/09/1993",0.6112
"12/10/1993",0.6035
"12/13/1993",0.6023
"12/14/1993",0.6045
"12/15/1993",0.6155
"12/16/1993",0.6118
"12/17/1993",0.6199
"12/20/1993",0.6197
"12/21/1993",0.6204
"12/22/1993",0.6261
"12/23/1993",0.6298
"12/27/1993",0.6338
"12/28/1993",0.6334
"12/29/1993",0.6425
"12/30/1993",0.6438
"12/31/1993",0.6438
"01/03/1994",0.6426
"01/04/1994",0.6338
"01/05/1994",0.649
"01/06/1994",0.6508
"01/07/1994",0.6479
"01/10/1994",0.641
"01/11/1994",0.6561
"01/12/1994",0.661
"01/13/1994",0.6592
"01/14/1994",0.6598
"01/17/1994",0.6618
"01/18/1994",0.6758
"01/19/1994",0.6729
"01/20/1994",0.683
"01/21/1994",0.6848
"01/24/1994",0.6906
"01/25/1994",0.6978
"01/26/1994",0.6889
"01/27/1994",0.6986
"01/28/1994",0.7186
"01/31/1994",0.7386
"02/01/1994",0.7334
"02/02/1994",0.7165
"02/03/1994",0.7229
"02/04/1994",0.7273
"02/07/1994",0.711
"02/08/1994",0.7297
"02/09/1994",0.7186
"02/10/1994",0.7254
"02/11/1994",0.7254
"02/14/1994",0.7172
"02/15/1994",0.7204
"02/16/1994",0.722
"02/17/1994",0.7256
"02/18/1994",0.728
"02/22/1994",0.743
"02/23/1994",0.743
"02/24/1994",0.7435
"02/25/1994",0.7405
"02/28/1994",0.7426
"03/01/1994",0.7398
"03/02/1994",0.7198
"03/03/1994",0.7097
"03/04/1994",0.7286
"03/07/1994",0.7264
"03/08/1994",0.7225
"03/09/1994",0.727
"03/10/1994",0.7267
"03/11/1994",0.7235
"03/14/1994",0.7147
"03/15/1994",0.7227
"03/16/1994",0.7243
"03/17/1994",0.7167
"03/18/1994",0.7176
"03/21/1994",0.7143
"03/22/1994",0.7199
"03/23/1994",0.7367
"03/24/1994",0.7375
"03/25/1994",0.7357
"03/28/1994",0.7314
"03/29/1994",0.7387
"03/30/1994",0.7455
"03/31/1994",0.7571
"04/04/1994",0.7453
"04/05/1994",0.7283
"04/06/1994",0.7375
"04/07/1994",0.7415
"04/08/1994",0.744
"04/11/1994",0.7487
"04/12/1994",0.7655
"04/13/1994",0.7834
"04/14/1994",0.8078
"04/15/1994",0.8043
"04/18/1994",0.8022
"04/19/1994",0.8032
"04/20/1994",0.7992
"04/21/1994",0.807
"04/22/1994",0.789
"04/25/1994",0.7943
"04/26/1994",0.7855
"04/28/1994",0.8055
"04/29/1994",0.8222
"05/02/1994",0.8217
"05/03/1994",0.8308
"05/04/1994",0.8161
"05/05/1994",0.8142
"05/06/1994",0.8037
"05/09/1994",0.7837
"05/10/1994",0.7908
"05/11/1994",0.7844
"05/12/1994",0.7822
"05/13/1994",0.7862
"05/16/1994",0.7819
"05/17/1994",0.7847
"05/18/1994",0.789
"05/19/1994",0.809
"05/20/1994",0.8205
"05/23/1994",0.8206
"05/24/1994",0.8193
"05/25/1994",0.8199
"05/26/1994",0.8104
"05/27/1994",0.8158
"05/31/1994",0.8174
"06/01/1994",0.7997
"06/02/1994",0.8039
"06/03/1994",0.7942
"06/06/1994",0.7893
"06/07/1994",0.786
"06/08/1994",0.7715
"06/09/1994",0.779
"06/10/1994",0.793
"06/13/1994",0.797
"06/14/1994",0.7929
"06/15/1994",0.7943
"06/16/1994",0.8006
"06/17/1994",0.7772
"06/20/1994",0.7638
"06/21/1994",0.7683
"06/22/1994",0.757
"06/23/1994",0.7515
"06/24/1994",0.7544
"06/27/1994",0.7347
"06/28/1994",0.7236
"06/29/1994",0.7151
"06/30/1994",0.7167
"07/01/1994",0.7028
"07/05/1994",0.6985
"07/06/1994",0.702
"07/07/1994",0.712
"07/08/1994",0.7219
"07/11/1994",0.7019
"07/12/1994",0.6855
"07/13/1994",0.6905
"07/14/1994",0.6964
"07/15/1994",0.6951
"07/18/1994",0.7151
"07/19/1994",0.7125
"07/20/1994",0.71
"07/21/1994",0.706
"07/22/1994",0.726
"07/25/1994",0.7415
"07/26/1994",0.7345
"07/27/1994",0.7303
"07/28/1994",0.731
"07/29/1994",0.716
"08/01/1994",0.6995
"08/02/1994",0.703
"08/03/1994",0.7045
"08/04/1994",0.7069
"08/05/1994",0.7087
"08/08/1994",0.6985
"08/09/1994",0.7019
"08/10/1994",0.7015
"08/11/1994",0.7027
"08/12/1994",0.6827
"08/15/1994",0.6627
"08/16/1994",0.6699
"08/17/1994",0.6793
"08/18/1994",0.68
"08/19/1994",0.679
"08/22/1994",0.674
"08/23/1994",0.7023
"08/24/1994",0.7087
"08/25/1994",0.702
"08/26/1994",0.705
"08/29/1994",0.719
"08/30/1994",0.7133
"08/31/1994",0.7066
"09/01/1994",0.7075
"09/02/1994",0.712
"09/06/1994",0.7095
"09/07/1994",0.7165
"09/08/1994",0.7365
"09/09/1994",0.733
"09/12/1994",0.7297
"09/13/1994",0.734
"09/14/1994",0.7342
"09/15/1994",0.7258
"09/16/1994",0.7103
"09/19/1994",0.6996
"09/20/1994",0.7026
"09/21/1994",0.6952
"09/22/1994",0.6894
"09/23/1994",0.6881
"09/26/1994",0.6757
"09/27/1994",0.672
"09/28/1994",0.6892
"09/29/1994",0.6616
"09/30/1994",0.6663
"10/03/1994",0.6594
"10/04/1994",0.6547
"10/05/1994",0.6608
"10/06/1994",0.6608
"10/07/1994",0.6545
"10/10/1994",0.6548
"10/11/1994",0.665
"10/12/1994",0.6679
"10/13/1994",0.6666
"10/14/1994",0.6714
"10/17/1994",0.6664
"10/18/1994",0.6692
"10/19/1994",0.6528
"10/20/1994",0.6606
"10/21/1994",0.661
"10/24/1994",0.676
"10/25/1994",0.6897
"10/26/1994",0.6891
"10/27/1994",0.6983
"10/28/1994",0.6845
"10/31/1994",0.6875
"11/01/1994",0.6894
"11/02/1994",0.6877
"11/03/1994",0.6844
"11/04/1994",0.6827
"11/07/1994",0.6976
"11/08/1994",0.6946
"11/09/1994",0.6875
"11/10/1994",0.6963
"11/11/1994",0.6957
"11/14/1994",0.7
"11/15/1994",0.711
"11/16/1994",0.7095
"11/17/1994",0.7114
"11/18/1994",0.7107
"11/21/1994",0.712
"11/22/1994",0.708
"11/23/1994",0.7178
"11/25/1994",0.7178
"11/28/1994",0.7378
"11/29/1994",0.7405
"11/30/1994",0.7436
"12/01/1994",0.7586
"12/02/1994",0.7734
"12/05/1994",0.762
"12/06/1994",0.7684
"12/07/1994",0.7867
"12/08/1994",0.7859
"12/09/1994",0.7895
"12/12/1994",0.7806
"12/13/1994",0.7792
"12/14/1994",0.7848
"12/15/1994",0.8013
"12/16/1994",0.7842
"12/19/1994",0.7913
"12/20/1994",0.7784
"12/21/1994",0.7893
"12/22/1994",0.8093
"12/23/1994",0.8293
"12/27/1994",0.8435
"12/28/1994",0.8415
"12/29/1994",0.8461
"12/30/1994",0.8435
"01/03/1995",0.8235
"01/04/1995",0.8512
"01/05/1995",0.8383
"01/06/1995",0.8358
"01/09/1995",0.8427
"01/10/1995",0.8448
"01/11/1995",0.8497
"01/12/1995",0.8643
"01/13/1995",0.8584
"01/16/1995",0.8394
"01/17/1995",0.8495
"01/18/1995",0.8682
"01/19/1995",0.8811
"01/20/1995",0.8733
"01/23/1995",0.8653
"01/24/1995",0.8735
"01/25/1995",0.8735
"01/26/1995",0.8818
"01/27/1995",0.8921
"01/30/1995",0.8935
"01/31/1995",0.8847
"02/01/1995",0.871
"02/02/1995",0.876
"02/03/1995",0.8564
"02/06/1995",0.8542
"02/07/1995",0.8378
"02/08/1995",0.8319
"02/09/1995",0.8495
"02/10/1995",0.8449
"02/13/1995",0.8649
"02/14/1995",0.889
"02/15/1995",0.8929
"02/16/1995",0.9123
"02/17/1995",0.9256
"02/21/1995",0.9456
"02/22/1995",0.9534
"02/23/1995",0.9435
"02/24/1995",0.9617
"02/27/1995",0.9817
"02/28/1995",1.0017
"03/01/1995",1.0217
"03/02/1995",1.0017
"03/03/1995",1.0217
"03/06/1995",1.0417
"03/07/1995",1.0525
"03/08/1995",1.0715
"03/09/1995",1.067
"03/10/1995",1.076
"03/13/1995",1.0751
"03/14/1995",1.0736
"03/15/1995",1.0709
"03/16/1995",1.08
"03/17/1995",1.06
"03/20/1995",1.04
"03/21/1995",1.046
"03/22/1995",1.053
"03/23/1995",1.028
"03/24/1995",1.008
"03/27/1995",0.988
"03/28/1995",0.968
"03/29/1995",0.948
"03/30/1995",0.9513
"03/31/1995",0.9665
"04/03/1995",0.9472
"04/04/1995",0.9672
"04/05/1995",0.9872
"04/06/1995",1.0017
"04/07/1995",1.0272
"04/10/1995",1.0472
"04/11/1995",1.0422
"04/12/1995",1.0622
"04/13/1995",1.0723
"04/17/1995",1.0415
"04/18/1995",1.0337
"04/19/1995",1.0537
"04/20/1995",1.0735
"04/21/1995",1.078
"04/24/1995",1.0945
"04/25/1995",1.0805
"04/26/1995",1.0605
"04/27/1995",1.0646
"04/28/1995",1.0756
"05/01/1995",1.0783
"05/02/1995",1.0583
"05/03/1995",1.0699
"05/04/1995",1.0551
"05/05/1995",1.0351
"05/08/1995",1.0151
"05/09/1995",1.0029
"05/10/1995",1.0229
"05/11/1995",1.0429
"05/12/1995",1.0629
"05/15/1995",1.0513
"05/16/1995",1.0313
"05/17/1995",1.0184
"05/18/1995",1.0384
"05/19/1995",1.0584
"05/22/1995",1.0784
"05/23/1995",1.0984
"05/24/1995",1.1084
"05/25/1995",1.1284
"05/26/1995",1.1284
"05/30/1995",1.1175
"05/31/1995",1.0875
"06/01/1995",1.0835
"06/02/1995",1.0675
"06/05/1995",1.0375
"06/06/1995",1.0465
"06/07/1995",1.0765
"06/08/1995",1.122
"06/09/1995",1.1085
"06/12/1995",1.0905
"06/13/1995",1.107
"06/14/1995",1.1135
"06/15/1995",1.0835
"06/16/1995",1.084
"06/19/1995",1.0767
"06/20/1995",1.081
"06/21/1995",1.0968
"06/22/1995",1.0675
"06/23/1995",1.0709
"06/26/1995",1.0669
"06/27/1995",1.0573
"06/28/1995",1.0598
"06/29/1995",1.0549
"06/30/1995",1.0406
"07/03/1995",1.0406
"07/05/1995",1.018
"07/06/1995",1.0075
"07/07/1995",1.0075
"07/10/1995",1.0036
"07/11/1995",0.9822
"07/12/1995",0.9622
"07/13/1995",0.9485
"07/14/1995",0.9577
"07/17/1995",0.9497
"07/18/1995",0.8967
"07/19/1995",0.8767
"07/20/1995",0.878
"07/21/1995",0.8803
"07/24/1995",0.878
"07/25/1995",0.8863
"07/26/1995",0.8965
"07/27/1995",0.8895
"07/28/1995",0.8678
"07/31/1995",0.849
"08/01/1995",0.8279
"08/02/1995",0.8208
"08/03/1995",0.827
"08/04/1995",0.8337
"08/07/1995",0.8325
"08/08/1995",0.8275
"08/09/1995",0.8232
"08/10/1995",0.8207
"08/11/1995",0.837
"08/14/1995",0.857
"08/15/1995",0.8441
"08/16/1995",0.8425
"08/17/1995",0.8625
"08/18/1995",0.8827
"08/21/1995",0.9025
"08/22/1995",0.9285
"08/23/1995",0.9196
"08/24/1995",0.8896
"08/25/1995",0.89
"08/28/1995",0.902
"08/29/1995",0.9003
"08/30/1995",0.9309
"08/31/1995",0.9245
"09/01/1995",0.9383
"09/05/1995",0.9192
"09/06/1995",0.8992
"09/07/1995",0.8642
"09/08/1995",0.867
"09/11/1995",0.8695
"09/12/1995",0.8895
"09/13/1995",0.8895
"09/14/1995",0.9095
"09/15/1995",0.9195
"09/18/1995",0.9098
"09/19/1995",0.8789
"09/20/1995",0.8942
"09/21/1995",0.9094
"09/22/1995",0.8867
"09/25/1995",0.8512
"09/26/1995",0.8575
"09/27/1995",0.846
"09/28/1995",0.846
"09/29/1995",0.8559
"10/02/1995",0.8568
"10/03/1995",0.8656
"10/04/1995",0.8772
"10/05/1995",0.8547
"10/06/1995",0.8265
"10/09/1995",0.8489
"10/10/1995",0.8343
"10/11/1995",0.8143
"10/12/1995",0.8209
"10/13/1995",0.8161
"10/16/1995",0.8036
"10/17/1995",0.792
"10/18/1995",0.812
"10/19/1995",0.8048
"10/20/1995",0.8098
"10/23/1995",0.8125
"10/24/1995",0.8005
"10/25/1995",0.8105
"10/26/1995",0.8138
"10/27/1995",0.8185
"10/30/1995",0.8358
"10/31/1995",0.8239
"11/01/1995",0.8333
"11/02/1995",0.8183
"11/03/1995",0.8195
"11/06/1995",0.831
"11/07/1995",0.826
"11/08/1995",0.8051
"11/09/1995",0.7978
"11/10/1995",0.8031
"11/13/1995",0.8065
"11/14/1995",0.8265
"11/15/1995",0.844
"11/16/1995",0.8367
"11/17/1995",0.818
"11/20/1995",0.8203
"11/21/1995",0.823
"11/22/1995",0.8338
"11/24/1995",0.8338
"11/27/1995",0.818
"11/28/1995",0.807
"11/29/1995",0.8114
"11/30/1995",0.8159
"12/01/1995",0.8274
"12/04/1995",0.828
"12/05/1995",0.823
"12/06/1995",0.811
"12/07/1995",0.8205
"12/08/1995",0.826
"12/11/1995",0.8271
"12/12/1995",0.8115
"12/13/1995",0.8195
"12/14/1995",0.8216
"12/15/1995",0.8134
"12/18/1995",0.7945
"12/19/1995",0.7754
"12/20/1995",0.7755
"12/21/1995",0.7879
"12/22/1995",0.776
"12/26/1995",0.7683
"12/27/1995",0.7766
"12/28/1995",0.7795
"12/29/1995",0.7755
"01/02/1996",0.7717
"01/03/1996",0.7865
"01/04/1996",0.7985
"01/05/1996",0.7985
"01/08/1996",0.7985
"01/09/1996",0.804
"01/10/1996",0.793
"01/11/1996",0.7897
"01/12/1996",0.7915
"01/15/1996",0.7975
"01/16/1996",0.7854
"01/17/1996",0.7925
"01/18/1996",0.7896
"01/19/1996",0.81
"01/22/1996",0.8082
"01/23/1996",0.8106
"01/24/1996",0.8292
"01/25/1996",0.8424
"01/26/1996",0.84
"01/29/1996",0.8455
"01/30/1996",0.8358
"01/31/1996",0.8219
"02/01/1996",0.825
"02/02/1996",0.825
"02/05/1996",0.8236
"02/06/1996",0.806
"02/07/1996",0.8043
"02/08/1996",0.816
"02/09/1996",0.8138
"02/12/1996",0.8033
"02/13/1996",0.805
"02/14/1996",0.8051
"02/15/1996",0.8135
"02/16/1996",0.8183
"02/20/1996",0.8205
"02/21/1996",0.8074
"02/22/1996",0.7955
"02/23/1996",0.8043
"02/26/1996",0.808
"02/27/1996",0.7955
"02/28/1996",0.7973
"02/29/1996",0.792
"03/01/1996",0.7925
"03/04/1996",0.7878
"03/05/1996",0.7838
"03/06/1996",0.7925
"03/07/1996",0.8086
"03/08/1996",0.8071
"03/11/1996",0.8033
"03/12/1996",0.7994
"03/13/1996",0.804
"03/14/1996",0.822
"03/15/1996",0.8129
"03/18/1996",0.8214
"03/19/1996",0.814
"03/20/1996",0.8565
"03/21/1996",0.8425
"03/22/1996",0.8469
"03/25/1996",0.8555
"03/26/1996",0.8509
"03/27/1996",0.8484
"03/28/1996",0.8336
"03/29/1996",0.8306
"04/01/1996",0.8428
"04/02/1996",0.8436
"04/03/1996",0.873
"04/04/1996",0.8505
"04/08/1996",0.8972
"04/09/1996",0.894
"04/10/1996",0.8987
"04/11/1996",0.8925
"04/12/1996",0.8849
"04/15/1996",0.8639
"04/16/1996",0.8567
"04/17/1996",0.8495
"04/18/1996",0.8709
"04/19/1996",0.8684
"04/22/1996",0.8673
"04/23/1996",0.8603
"04/24/1996",0.8612
"04/25/1996",0.8715
"04/26/1996",0.8714
"04/29/1996",0.8586
"04/30/1996",0.8752
"05/01/1996",0.8885
"05/02/1996",0.8833
"05/03/1996",0.8964
"05/06/1996",0.9047
"05/07/1996",0.9037
"05/08/1996",0.9
"05/09/1996",0.8894
"05/10/1996",0.8625
"05/13/1996",0.8643
"05/14/1996",0.8637
"05/15/1996",0.86
"05/16/1996",0.8556
"05/17/1996",0.857
"05/20/1996",0.8538
"05/21/1996",0.8542
"05/22/1996",0.8602
"05/23/1996",0.8609
"05/24/1996",0.8705
"05/28/1996",0.858
"05/29/1996",0.8412
"05/30/1996",0.829
"05/31/1996",0.8378
"06/03/1996",0.8482
"06/04/1996",0.8589
"06/05/1996",0.8505
"06/06/1996",0.8454
"06/07/1996",0.8595
"06/10/1996",0.8572
"06/11/1996",0.8403
"06/12/1996",0.8396
"06/13/1996",0.8507
"06/14/1996",0.8492
"06/17/1996",0.853
"06/18/1996",0.853
"06/19/1996",0.8495
"06/20/1996",0.8516
"06/21/1996",0.8455
"06/24/1996",0.847
"06/25/1996",0.8186
"06/26/1996",0.8192
"06/27/1996",0.82
"06/28/1996",0.8109
"07/01/1996",0.8339
"07/02/1996",0.8337
"07/03/1996",0.8307
"07/05/1996",0.8307
"07/08/1996",0.8338
"07/09/1996",0.8383
"07/10/1996",0.8208
"07/11/1996",0.8271
"07/12/1996",0.8328
"07/15/1996",0.823
"07/16/1996",0.828
"07/17/1996",0.8245
"07/18/1996",0.8375
"07/19/1996",0.8452
"07/22/1996",0.8525
"07/23/1996",0.8365
"07/24/1996",0.8365
"07/25/1996",0.8297
"07/26/1996",0.8307
"07/29/1996",0.837
"07/30/1996",0.8323
"07/31/1996",0.837
"08/01/1996",0.8298
"08/02/1996",0.8279
"08/05/1996",0.8303
"08/06/1996",0.7858
"08/07/1996",0.765
"08/08/1996",0.768
"08/09/1996",0.7575
"08/12/1996",0.7875
"08/13/1996",0.8025
"08/14/1996",0.7935
"08/15/1996",0.7897
"08/16/1996",0.7822
"08/19/1996",0.7762
"08/20/1996",0.785
"08/21/1996",0.785
"08/22/1996",0.7843
"08/23/1996",0.798
"08/26/1996",0.7929
"08/27/1996",0.8135
"08/28/1996",0.7981
"08/29/1996",0.8082
"08/30/1996",0.8015
"09/03/1996",0.809
"09/04/1996",0.7941
"09/05/1996",0.7722
"09/06/1996",0.776
"09/09/1996",0.7626
"09/10/1996",0.764
"09/11/1996",0.794
"09/12/1996",0.7991
"09/13/1996",0.793
"09/16/1996",0.7798
"09/17/1996",0.7605
"09/18/1996",0.7595
"09/19/1996",0.7528
"09/20/1996",0.7539
"09/23/1996",0.761
"09/24/1996",0.7722
"09/25/1996",0.7721
"09/26/1996",0.7484
"09/27/1996",0.7419
"09/30/1996",0.7368
"10/01/1996",0.7416
"10/02/1996",0.7575
"10/03/1996",0.7479
"10/04/1996",0.7473
"10/07/1996",0.7565
"10/08/1996",0.7385
"10/09/1996",0.7423
"10/10/1996",0.734
"10/11/1996",0.712
"10/14/1996",0.7143
"10/15/1996",0.7212
"10/16/1996",0.7112
"10/17/1996",0.7078
"10/18/1996",0.6965
"10/21/1996",0.6992
"10/22/1996",0.7088
"10/23/1996",0.7108
"10/24/1996",0.702
"10/25/1996",0.7054
"10/28/1996",0.7075
"10/29/1996",0.7073
"10/30/1996",0.7095
"10/31/1996",0.698
"11/01/1996",0.7022
"11/04/1996",0.7027
"11/05/1996",0.7002
"11/06/1996",0.6912
"11/07/1996",0.6929
"11/08/1996",0.6906
"11/11/1996",0.6847
"11/12/1996",0.6805
"11/13/1996",0.6872
"11/14/1996",0.6983
"11/15/1996",0.6992
"11/18/1996",0.7057
"11/19/1996",0.706
"11/20/1996",0.7073
"11/21/1996",0.7148
"11/22/1996",0.7085
"11/25/1996",0.7065
"11/26/1996",0.709
"11/27/1996",0.7182
"11/29/1996",0.7182
"12/02/1996",0.7224
"12/03/1996",0.7153
"12/04/1996",0.705
"12/05/1996",0.7135
"12/06/1996",0.7186
"12/09/1996",0.7205
"12/10/1996",0.7228
"12/11/1996",0.7192
"12/12/1996",0.722
"12/13/1996",0.7185
"12/16/1996",0.716
"12/17/1996",0.7129
"12/18/1996",0.7128
"12/19/1996",0.7155
"12/20/1996",0.7175
"12/23/1996",0.7146
"12/24/1996",0.7146
"12/26/1996",0.7128
"12/27/1996",0.7082
"12/30/1996",0.7006
"12/31/1996",0.709
"01/02/1997",0.7113
"01/03/1997",0.6983
"01/06/1997",0.6989
"01/07/1997",0.6938
"01/08/1997",0.6971
"01/09/1997",0.6931
"01/10/1997",0.6931
"01/13/1997",0.6993
"01/14/1997",0.6965
"01/15/1997",0.703
"01/16/1997",0.703
"01/17/1997",0.6983
"01/20/1997",0.6959
"01/21/1997",0.6875
"01/22/1997",0.6985
"01/23/1997",0.7065
"01/24/1997",0.706
"01/27/1997",0.7201
"01/28/1997",0.7186
"01/29/1997",0.721
"01/30/1997",0.7065
"01/31/1997",0.7095
"02/03/1997",0.71
"02/04/1997",0.7051
"02/05/1997",0.7085
"02/06/1997",0.7045
"02/07/1997",0.7058
"02/10/1997",0.7026
"02/11/1997",0.6985
"02/12/1997",0.6985
"02/13/1997",0.6921
"02/14/1997",0.7035
"02/18/1997",0.6859
"02/19/1997",0.6935
"02/20/1997",0.7068
"02/21/1997",0.686
"02/24/1997",0.7072
"02/25/1997",0.7146
"02/26/1997",0.7181
"02/27/1997",0.7137
"02/28/1997",0.7113
"03/03/1997",0.7113
"03/04/1997",0.7028
"03/05/1997",0.7126
"03/06/1997",0.723
"03/07/1997",0.7317
"03/10/1997",0.742
"03/11/1997",0.739
"03/12/1997",0.739
"03/13/1997",0.7185
"03/14/1997",0.7186
"03/17/1997",0.7116
"03/18/1997",0.7045
"03/19/1997",0.7014
"03/20/1997",0.705
"03/21/1997",0.696
"03/24/1997",0.7023
"03/25/1997",0.6884
"03/26/1997",0.6915
"03/27/1997",0.6933
"03/31/1997",0.6785
"04/01/1997",0.682
"04/02/1997",0.6856
"04/03/1997",0.688
"04/04/1997",0.695
"04/07/1997",0.6939
"04/08/1997",0.6875
"04/09/1997",0.686
"04/10/1997",0.6786
"04/11/1997",0.6819
"04/14/1997",0.6886
"04/15/1997",0.6826
"04/16/1997",0.6738
"04/17/1997",0.6795
"04/18/1997",0.6802
"04/21/1997",0.6799
"04/22/1997",0.684
"04/23/1997",0.6895
"04/24/1997",0.6944
"04/25/1997",0.7049
"04/28/1997",0.7053
"04/29/1997",0.7048
"04/30/1997",0.7065
"05/01/1997",0.6931
"05/02/1997",0.694
"05/05/1997",0.689
"05/06/1997",0.6902
"05/07/1997",0.6892
"05/08/1997",0.6912
"05/09/1997",0.6898
"05/12/1997",0.6965
"05/13/1997",0.6983
"05/14/1997",0.698
"05/15/1997",0.7066
"05/16/1997",0.7054
"05/19/1997",0.6988
"05/20/1997",0.6985
"05/21/1997",0.6962
"05/22/1997",0.7011
"05/23/1997",0.6981
"05/27/1997",0.7047
"05/28/1997",0.7071
"05/29/1997",0.7106
"05/30/1997",0.6995
"06/02/1997",0.7086
"06/03/1997",0.7092
"06/04/1997",0.7062
"06/05/1997",0.706
"06/06/1997",0.6987
"06/09/1997",0.6962
"06/10/1997",0.7002
"06/11/1997",0.7114
"06/12/1997",0.7238
"06/13/1997",0.7215
"06/16/1997",0.7124
"06/17/1997",0.728
"06/18/1997",0.7277
"06/19/1997",0.7302
"06/20/1997",0.731
"06/23/1997",0.729
"06/24/1997",0.7426
"06/25/1997",0.747
"06/26/1997",0.7443
"06/27/1997",0.7456
"06/30/1997",0.7442
"07/01/1997",0.741
"07/02/1997",0.739
"07/03/1997",0.731
"07/07/1997",0.7124
"07/08/1997",0.717
"07/09/1997",0.717
"07/10/1997",0.718
"07/11/1997",0.7139
"07/14/1997",0.7148
"07/15/1997",0.7224
"07/16/1997",0.7218
"07/17/1997",0.7278
"07/18/1997",0.7293
"07/21/1997",0.7258
"07/22/1997",0.7408
"07/23/1997",0.7406
"07/24/1997",0.7498
"07/25/1997",0.7345
"07/28/1997",0.7297
"07/29/1997",0.7343
"07/30/1997",0.7346
"07/31/1997",0.7297
"08/01/1997",0.7318
"08/04/1997",0.7306
"08/05/1997",0.7293
"08/06/1997",0.7343
"08/07/1997",0.7231
"08/08/1997",0.7225
"08/11/1997",0.7171
"08/12/1997",0.7279
"08/13/1997",0.7279
"08/14/1997",0.7248
"08/15/1997",0.7266
"08/18/1997",0.718
"08/19/1997",0.7258
"08/20/1997",0.7165
"08/21/1997",0.7179
"08/22/1997",0.7119
"08/25/1997",0.716
"08/26/1997",0.7077
"08/27/1997",0.715
"08/28/1997",0.7173
"08/29/1997",0.712
"09/02/1997",0.717
"09/03/1997",0.709
"09/04/1997",0.7143
"09/05/1997",0.7104
"09/08/1997",0.7147
"09/09/1997",0.7149
"09/10/1997",0.7133
"09/11/1997",0.7105
"09/12/1997",0.7241
"09/15/1997",0.7168
"09/16/1997",0.718
"09/17/1997",0.718
"09/18/1997",0.7209
"09/19/1997",0.7193
"09/22/1997",0.7081
"09/23/1997",0.7242
"09/24/1997",0.721
"09/25/1997",0.7178
"09/26/1997",0.7074
"09/29/1997",0.7059
"09/30/1997",0.6905
"10/01/1997",0.6914
"10/02/1997",0.691
"10/03/1997",0.6934
"10/06/1997",0.6852
"10/07/1997",0.6869
"10/08/1997",0.6888
"10/09/1997",0.6882
"10/10/1997",0.6914
"10/13/1997",0.6889
"10/14/1997",0.6915
"10/15/1997",0.6872
"10/16/1997",0.6888
"10/17/1997",0.6913
"10/20/1997",0.6862
"10/21/1997",0.6968
"10/22/1997",0.6985
"10/23/1997",0.6936
"10/24/1997",0.6963
"10/27/1997",0.6902
"10/28/1997",0.6941
"10/29/1997",0.6918
"10/30/1997",0.6955
"10/31/1997",0.6982
"11/03/1997",0.7027
"11/04/1997",0.6988
"11/05/1997",0.6961
"11/06/1997",0.6959
"11/07/1997",0.6957
"11/10/1997",0.6743
"11/11/1997",0.6783
"11/12/1997",0.6783
"11/13/1997",0.6823
"11/14/1997",0.6801
"11/17/1997",0.6787
"11/18/1997",0.6808
"11/19/1997",0.6805
"11/20/1997",0.6756
"11/21/1997",0.6722
"11/24/1997",0.6791
"11/25/1997",0.679
"11/26/1997",0.6723
"11/28/1997",0.6723
"12/01/1997",0.6663
"12/02/1997",0.6629
"12/03/1997",0.6613
"12/04/1997",0.6506
"12/05/1997",0.6533
"12/08/1997",0.6497
"12/09/1997",0.6417
"12/10/1997",0.6455
"12/11/1997",0.6428
"12/12/1997",0.6345
"12/15/1997",0.6288
"12/16/1997",0.6262
"12/17/1997",0.6369
"12/18/1997",0.6425
"12/19/1997",0.638
"12/22/1997",0.6438
"12/23/1997",0.6393
"12/24/1997",0.6407
"12/26/1997",0.6407
"12/29/1997",0.6362
"12/30/1997",0.6365
"12/31/1997",0.6357
"01/02/1998",0.6361
"01/05/1998",0.6404
"01/06/1998",0.6499
"01/07/1998",0.6423
"01/08/1998",0.634
"01/09/1998",0.6254
"01/12/1998",0.6208
"01/13/1998",0.6196
"01/14/1998",0.6238
"01/15/1998",0.6247
"01/16/1998",0.6268
"01/20/1998",0.6288
"01/21/1998",0.6263
"01/22/1998",0.6199
"01/23/1998",0.6127
"01/26/1998",0.6148
"01/27/1998",0.6171
"01/28/1998",0.6258
"01/29/1998",0.6239
"01/30/1998",0.6362
"02/02/1998",0.642
"02/03/1998",0.6402
"02/04/1998",0.6355
"02/05/1998",0.6357
"02/06/1998",0.6437
"02/09/1998",0.6546
"02/10/1998",0.6553
"02/11/1998",0.6553
"02/12/1998",0.6481
"02/13/1998",0.6481
"02/17/1998",0.6413
"02/18/1998",0.6352
"02/19/1998",0.6232
"02/20/1998",0.6254
"02/23/1998",0.641
"02/24/1998",0.6353
"02/25/1998",0.6518
"02/26/1998",0.6512
"02/27/1998",0.6761
"03/02/1998",0.6891
"03/03/1998",0.6857
"03/04/1998",0.6864
"03/05/1998",0.6895
"03/06/1998",0.6539
"03/09/1998",0.6517
"03/10/1998",0.6821
"03/11/1998",0.686
"03/12/1998",0.6995
"03/13/1998",0.7092
"03/16/1998",0.6954
"03/17/1998",0.6969
"03/18/1998",0.6917
"03/19/1998",0.6933
"03/20/1998",0.6837
"03/23/1998",0.6868
"03/24/1998",0.6836
"03/25/1998",0.6806
"03/26/1998",0.6851
"03/27/1998",0.6884
"03/30/1998",0.6923
"03/31/1998",0.6623
"04/01/1998",0.6646
"04/02/1998",0.6572
"04/03/1998",0.6356
"04/06/1998",0.6064
"04/07/1998",0.6022
"04/08/1998",0.601
"04/09/1998",0.604
"04/13/1998",0.6028
"04/14/1998",0.6041
"04/15/1998",0.6089
"04/16/1998",0.6145
"04/17/1998",0.6178
"04/20/1998",0.6108
"04/21/1998",0.6104
"04/22/1998",0.6109
"04/23/1998",0.6134
"04/24/1998",0.6321
"04/27/1998",0.636
"04/28/1998",0.6414
"04/29/1998",0.6439
"04/30/1998",0.6554
"05/01/1998",0.6566
"05/04/1998",0.6487
"05/05/1998",0.6522
"05/06/1998",0.6616
"05/07/1998",0.6559
"05/08/1998",0.6616
"05/11/1998",0.659
"05/12/1998",0.6733
"05/13/1998",0.6741
"05/14/1998",0.6675
"05/15/1998",0.6728
"05/18/1998",0.6765
"05/19/1998",0.6732
"05/20/1998",0.6686
"05/21/1998",0.6758
"05/22/1998",0.6899
"05/26/1998",0.6919
"05/27/1998",0.6888
"05/28/1998",0.7033
"05/29/1998",0.7159
"06/01/1998",0.7459
"06/02/1998",0.731
"06/03/1998",0.7276
"06/04/1998",0.7331
"06/05/1998",0.7327
"06/08/1998",0.7539
"06/09/1998",0.7296
"06/10/1998",0.7131
"06/11/1998",0.733
"06/12/1998",0.7294
"06/15/1998",0.7366
"06/16/1998",0.7316
"06/17/1998",0.727
"06/18/1998",0.7364
"06/19/1998",0.7364
"06/22/1998",0.7416
"06/23/1998",0.7551
"06/24/1998",0.7626
"06/25/1998",0.7755
"06/26/1998",0.7685
"06/29/1998",0.7764
"06/30/1998",0.7789
"07/01/1998",0.7811
"07/02/1998",0.7757
"07/06/1998",0.7698
"07/07/1998",0.7828
"07/08/1998",0.785
"07/09/1998",0.7808
"07/10/1998",0.7619
"07/13/1998",0.738
"07/14/1998",0.7367
"07/15/1998",0.7358
"07/16/1998",0.7365
"07/17/1998",0.7583
"07/20/1998",0.7478
"07/21/1998",0.7376
"07/22/1998",0.743
"07/23/1998",0.7415
"07/24/1998",0.7378
"07/27/1998",0.7185
"07/28/1998",0.7158
"07/29/1998",0.7175
"07/30/1998",0.7211
"07/31/1998",0.7054
"08/03/1998",0.694
"08/04/1998",0.6945
"08/05/1998",0.7105
"08/06/1998",0.7222
"08/07/1998",0.7203
"08/10/1998",0.7101
"08/11/1998",0.6998
"08/12/1998",0.6998
"08/13/1998",0.7239
"08/14/1998",0.7323
"08/17/1998",0.7423
"08/18/1998",0.7318
"08/19/1998",0.7396
"08/20/1998",0.7368
"08/21/1998",0.7305
"08/24/1998",0.7475
"08/25/1998",0.7403
"08/26/1998",0.739
"08/27/1998",0.724
"08/28/1998",0.714
"08/31/1998",0.7111
"09/01/1998",0.724
"09/02/1998",0.7376
"09/03/1998",0.735
"09/04/1998",0.724
"09/08/1998",0.7237
"09/09/1998",0.72
"09/10/1998",0.7145
"09/11/1998",0.716
"09/14/1998",0.7218
"09/15/1998",0.718
"09/16/1998",0.7202
"09/17/1998",0.7111
"09/18/1998",0.723
"09/21/1998",0.7233
"09/22/1998",0.7299
"09/23/1998",0.7257
"09/24/1998",0.7094
"09/25/1998",0.7081
"09/28/1998",0.7087
"09/29/1998",0.6941
"09/30/1998",0.7007
"10/01/1998",0.6968
"10/02/1998",0.6971
"10/05/1998",0.705
"10/06/1998",0.7167
"10/07/1998",0.7119
"10/08/1998",0.712
"10/09/1998",0.6968
"10/12/1998",0.689
"10/13/1998",0.6836
"10/14/1998",0.6845
"10/15/1998",0.6665
"10/16/1998",0.6553
"10/19/1998",0.6546
"10/20/1998",0.6631
"10/21/1998",0.672
"10/22/1998",0.6536
"10/23/1998",0.6612
"10/26/1998",0.6556
"10/27/1998",0.6607
"10/28/1998",0.6618
"10/29/1998",0.6512
"10/30/1998",0.6527
"11/02/1998",0.6546
"11/03/1998",0.6539
"11/04/1998",0.6596
"11/05/1998",0.6623
"11/06/1998",0.6762
"11/09/1998",0.6895
"11/10/1998",0.6865
"11/11/1998",0.6693
"11/12/1998",0.6773
"11/13/1998",0.6802
"11/16/1998",0.6656
"11/17/1998",0.642
"11/18/1998",0.654
"11/19/1998",0.6474
"11/20/1998",0.6397
"11/23/1998",0.6336
"11/24/1998",0.6361
"11/25/1998",0.6455
"11/27/1998",0.6455
"11/30/1998",0.644
"12/01/1998",0.6445
"12/02/1998",0.6515
"12/03/1998",0.6357
"12/04/1998",0.641
"12/07/1998",0.6372
"12/08/1998",0.6367
"12/09/1998",0.6322
"12/10/1998",0.6385
"12/11/1998",0.6206
"12/14/1998",0.6214
"12/15/1998",0.6127
"12/16/1998",0.6245
"12/17/1998",0.617
"12/18/1998",0.6167
"12/21/1998",0.6082
"12/22/1998",0.6023
"12/23/1998",0.5795
"12/24/1998",0.5795
"12/28/1998",0.5828
"12/29/1998",0.5865
"12/30/1998",0.5844
"12/31/1998",0.5844
"01/04/1999",0.5703
"01/05/1999",0.5823
"01/06/1999",0.5797
"01/07/1999",0.5734
"01/08/1999",0.5729
"01/11/1999",0.5704
"01/12/1999",0.5811
"01/13/1999",0.5748
"01/14/1999",0.5748
"01/15/1999",0.5803
"01/19/1999",0.5741
"01/20/1999",0.5784
"01/21/1999",0.5788
"01/22/1999",0.5704
"01/25/1999",0.5587
"01/26/1999",0.5675
"01/27/1999",0.5745
"01/28/1999",0.5955
"01/29/1999",0.5918
"02/01/1999",0.5912
"02/02/1999",0.5858
"02/03/1999",0.5889
"02/04/1999",0.5763
"02/05/1999",0.5791
"02/08/1999",0.5827
"02/09/1999",0.5639
"02/10/1999",0.566
"02/11/1999",0.5502
"02/12/1999",0.5591
"02/16/1999",0.5569
"02/17/1999",0.5626
"02/18/1999",0.562
"02/19/1999",0.5593
"02/22/1999",0.5589
"02/23/1999",0.5545
"02/24/1999",0.5632
"02/25/1999",0.5814
"02/26/1999",0.5694
"03/01/1999",0.5774
"03/02/1999",0.5969
"03/03/1999",0.5985
"03/04/1999",0.6054
"03/05/1999",0.6198
"03/08/1999",0.6089
"03/09/1999",0.6043
"03/10/1999",0.6043
"03/11/1999",0.6175
"03/12/1999",0.6041
"03/15/1999",0.6011
"03/16/1999",0.6042
"03/17/1999",0.6067
"03/18/1999",0.6141
"03/19/1999",0.6021
"03/22/1999",0.6192
"03/23/1999",0.6152
"03/24/1999",0.6075
"03/25/1999",0.6165
"03/26/1999",0.6179
"03/29/1999",0.5974
"03/30/1999",0.5979
"03/31/1999",0.6004
"04/01/1999",0.6035
"04/05/1999",0.6059
"04/06/1999",0.6131
"04/07/1999",0.6135
"04/08/1999",0.6241
"04/09/1999",0.6171
"04/12/1999",0.6098
"04/13/1999",0.607
"04/14/1999",0.607
"04/15/1999",0.6003
"04/16/1999",0.5819
"04/19/1999",0.5827
"04/20/1999",0.5844
"04/21/1999",0.5891
"04/22/1999",0.5774
"04/23/1999",0.5964
"04/26/1999",0.5901
"04/27/1999",0.5996
"04/28/1999",0.6143
"04/29/1999",0.6248
"04/30/1999",0.6171
"05/03/1999",0.607
"05/04/1999",0.6034
"05/05/1999",0.5921
"05/06/1999",0.5926
"05/07/1999",0.6029
"05/10/1999",0.602
"05/11/1999",0.5971
"05/12/1999",0.573
"05/13/1999",0.5787
"05/14/1999",0.5774
"05/17/1999",0.5813
"05/18/1999",0.5749
"05/19/1999",0.5786
"05/20/1999",0.5793
"05/21/1999",0.5758
"05/24/1999",0.5657
"05/25/1999",0.576
"05/26/1999",0.5721
"05/27/1999",0.5697
"05/28/1999",0.5774
"06/01/1999",0.5783
"06/02/1999",0.5821
"06/03/1999",0.5891
"06/04/1999",0.5853
"06/07/1999",0.5897
"06/08/1999",0.5848
"06/09/1999",0.5848
"06/10/1999",0.5731
"06/11/1999",0.5658
"06/14/1999",0.5658
"06/15/1999",0.5766
"06/16/1999",0.5626
"06/17/1999",0.5518
"06/18/1999",0.5616
"06/21/1999",0.559
"06/22/1999",0.5588
"06/23/1999",0.5474
"06/24/1999",0.5534
"06/25/1999",0.5474
"06/28/1999",0.5358
"06/29/1999",0.5335
"06/30/1999",0.5464
"07/01/1999",0.5375
"07/02/1999",0.5223
"07/06/1999",0.5383
"07/07/1999",0.5268
"07/08/1999",0.5217
"07/09/1999",0.5101
"07/12/1999",0.4945
"07/13/1999",0.5053
"07/14/1999",0.4955
"07/15/1999",0.4995
"07/16/1999",0.5052
"07/19/1999",0.5144
"07/20/1999",0.5189
"07/21/1999",0.5321
"07/22/1999",0.5309
"07/23/1999",0.5401
"07/26/1999",0.5285
"07/27/1999",0.5282
"07/28/1999",0.5205
"07/29/1999",0.5346
"07/30/1999",0.5438
"08/02/1999",0.5307
"08/03/1999",0.5281
"08/04/1999",0.5209
"08/05/1999",0.5198
"08/06/1999",0.5259
"08/09/1999",0.5339
"08/10/1999",0.5231
"08/11/1999",0.5225
"08/12/1999",0.5315
"08/13/1999",0.529
"08/16/1999",0.5368
"08/17/1999",0.5366
"08/18/1999",0.5345
"08/19/1999",0.5294
"08/20/1999",0.5223
"08/23/1999",0.5013
"08/24/1999",0.4986
"08/25/1999",0.4953
"08/26/1999",0.498
"08/27/1999",0.4881
"08/30/1999",0.479
"08/31/1999",0.4864
"09/01/1999",0.4869
"09/02/1999",0.485
"09/03/1999",0.4823
"09/07/1999",0.489
"09/08/1999",0.487
"09/09/1999",0.4914
"09/10/1999",0.5222
"09/13/1999",0.509
"09/14/1999",0.499
"09/15/1999",0.4943
"09/16/1999",0.4943
"09/17/1999",0.5059
"09/20/1999",0.5053
"09/21/1999",0.5084
"09/22/1999",0.5044
"09/23/1999",0.4979
"09/24/1999",0.5007
"09/27/1999",0.5069
"09/28/1999",0.5097
"09/29/1999",0.5099
"09/30/1999",0.4956
"10/01/1999",0.497
"10/04/1999",0.4854
"10/05/1999",0.4825
"10/06/1999",0.4827
"10/07/1999",0.4872
"10/08/1999",0.5053
"10/11/1999",0.5049
"10/12/1999",0.508
"10/13/1999",0.5267
"10/14/1999",0.5251
"10/15/1999",0.5223
"10/18/1999",0.5173
"10/19/1999",0.5174
"10/20/1999",0.5112
"10/21/1999",0.5125
"10/22/1999",0.5137
"10/25/1999",0.5134
"10/26/1999",0.5083
"10/27/1999",0.5143
"10/28/1999",0.5051
"10/29/1999",0.5027
"11/01/1999",0.5014
"11/02/1999",0.5046
"11/03/1999",0.4981
"11/04/1999",0.4972
"11/05/1999",0.4961
"11/08/1999",0.489
"11/09/1999",0.4934
"11/10/1999",0.4934
"11/11/1999",0.4927
"11/12/1999",0.4918
"11/15/1999",0.4906
"11/16/1999",0.4833
"11/17/1999",0.4864
"11/18/1999",0.4899
"11/19/1999",0.485
"11/22/1999",0.4937
"11/23/1999",0.4903
"11/24/1999",0.4901
"11/26/1999",0.4901
"11/29/1999",0.4897
"11/30/1999",0.4805
"12/01/1999",0.4825
"12/02/1999",0.4809
"12/03/1999",0.474
"12/06/1999",0.4724
"12/07/1999",0.4797
"12/08/1999",0.4758
"12/09/1999",0.474
"12/10/1999",0.4745
"12/13/1999",0.4751
"12/14/1999",0.4763
"12/15/1999",0.4721
"12/16/1999",0.4638
"12/17/1999",0.4665
"12/20/1999",0.4657
"12/21/1999",0.4693
"12/22/1999",0.4683
"12/23/1999",0.4683
"12/27/1999",0.4636
"12/28/1999",0.4642
"12/29/1999",0.471
"12/30/1999",0.4824
"12/31/1999",0.4824
"01/03/2000",0.4857
"01/04/2000",0.4823
"01/05/2000",0.4906
"01/06/2000",0.4958
"01/07/2000",0.5146
"01/10/2000",0.5106
"01/11/2000",0.5168
"01/12/2000",0.5122
"01/13/2000",0.5225
"01/14/2000",0.5262
"01/18/2000",0.5226
"01/19/2000",0.5525
"01/20/2000",0.5494
"01/21/2000",0.5365
"01/24/2000",0.5385
"01/25/2000",0.5536
"01/26/2000",0.5492
"01/27/2000",0.5503
"01/28/2000",0.5503
"01/31/2000",0.5536
"02/01/2000",0.5463
"02/02/2000",0.5454
"02/03/2000",0.5359
"02/04/2000",0.5358
"02/07/2000",0.5368
"02/08/2000",0.528
"02/09/2000",0.533
"02/10/2000",0.5504
"02/11/2000",0.5447
"02/14/2000",0.5476
"02/15/2000",0.5435
"02/16/2000",0.5413
"02/17/2000",0.5443
"02/18/2000",0.5625
"02/22/2000",0.5767
"02/23/2000",0.5715
"02/24/2000",0.5683
"02/25/2000",0.5538
"02/28/2000",0.5609
"02/29/2000",0.5503
"03/01/2000",0.5801
"03/02/2000",0.5718
"03/03/2000",0.5756
"03/06/2000",0.5782
"03/07/2000",0.5814
"03/08/2000",0.5929
"03/09/2000",0.5951
"03/10/2000",0.601
"03/13/2000",0.5971
"03/14/2000",0.5986
"03/15/2000",0.5972
"03/16/2000",0.5904
"03/17/2000",0.5969
"03/20/2000",0.5814
"03/21/2000",0.5838
"03/22/2000",0.5686
"03/23/2000",0.5604
"03/24/2000",0.5581
"03/27/2000",0.5621
"03/28/2000",0.5615
"03/29/2000",0.5495
"03/30/2000",0.5457
"03/31/2000",0.5514
"04/03/2000",0.5539
"04/04/2000",0.5421
"04/05/2000",0.534
"04/06/2000",0.5268
"04/07/2000",0.5329
"04/10/2000",0.5349
"04/11/2000",0.5245
"04/12/2000",0.5325
"04/13/2000",0.5432
"04/14/2000",0.5393
"04/17/2000",0.5433
"04/18/2000",0.5473
"04/19/2000",0.5371
"04/20/2000",0.5371
"04/24/2000",0.5409
"04/25/2000",0.5409
"04/26/2000",0.5491
"04/27/2000",0.5455
"04/28/2000",0.5281
"05/01/2000",0.547
"05/02/2000",0.5595
"05/03/2000",0.5469
"05/04/2000",0.5425
"05/05/2000",0.5586
"05/08/2000",0.5796
"05/09/2000",0.5916
"05/10/2000",0.6074
"05/11/2000",0.603
"05/12/2000",0.6123
"05/15/2000",0.6175
"05/16/2000",0.6162
"05/17/2000",0.6107
"05/18/2000",0.6112
"05/19/2000",0.603
"05/22/2000",0.6266
"05/23/2000",0.6242
"05/24/2000",0.6173
"05/25/2000",0.6228
"05/26/2000",0.6222
"05/30/2000",0.6001
"05/31/2000",0.6164
"06/01/2000",0.5925
"06/02/2000",0.5799
"06/05/2000",0.5767
"06/06/2000",0.566
"06/07/2000",0.5725
"06/08/2000",0.5719
"06/09/2000",0.5739
"06/12/2000",0.5565
"06/13/2000",0.5598
"06/14/2000",0.56
"06/15/2000",0.5691
"06/16/2000",0.56
"06/19/2000",0.5614
"06/20/2000",0.5675
"06/21/2000",0.5588
"06/22/2000",0.558
"06/23/2000",0.5578
"06/26/2000",0.5416
"06/27/2000",0.5379
"06/28/2000",0.5363
"06/29/2000",0.541
"06/30/2000",0.528
"07/03/2000",0.528
"07/05/2000",0.5276
"07/06/2000",0.523
"07/07/2000",0.5366
"07/10/2000",0.5363
"07/11/2000",0.5367
"07/12/2000",0.5401
"07/13/2000",0.5902
"07/14/2000",0.5902
"07/17/2000",0.5802
"07/18/2000",0.5856
"07/19/2000",0.5808
"07/20/2000",0.568
"07/21/2000",0.5713
"07/24/2000",0.5912
"07/25/2000",0.5795
"07/26/2000",0.5714
"07/27/2000",0.5648
"07/28/2000",0.5706
"07/31/2000",0.5802
"08/01/2000",0.5726
"08/02/2000",0.5689
"08/03/2000",0.5714
"08/04/2000",0.5675
"08/07/2000",0.5905
"08/08/2000",0.5901
"08/09/2000",0.6038
"08/10/2000",0.5908
"08/11/2000",0.5923
"08/14/2000",0.5975
"08/15/2000",0.592
"08/16/2000",0.5914
"08/17/2000",0.602
"08/18/2000",0.5777
"08/21/2000",0.5884
"08/22/2000",0.585
"08/23/2000",0.5838
"08/24/2000",0.5802
"08/25/2000",0.5923
"08/28/2000",0.5934
"08/29/2000",0.597
"08/30/2000",0.5925
"08/31/2000",0.5787
"09/01/2000",0.5799
"09/05/2000",0.5904
"09/06/2000",0.5886
"09/07/2000",0.5864
"09/08/2000",0.6222
"09/11/2000",0.621
"09/12/2000",0.6068
"09/13/2000",0.5997
"09/14/2000",0.6045
"09/15/2000",0.6066
"09/18/2000",0.6068
"09/19/2000",0.6063
"09/20/2000",0.6065
"09/21/2000",0.6148
"09/22/2000",0.6104
"09/25/2000",0.6144
"09/26/2000",0.6123
"09/27/2000",0.6019
"09/28/2000",0.6003
"09/29/2000",0.6003
"10/02/2000",0.6112
"10/03/2000",0.6154
"10/04/2000",0.609
"10/05/2000",0.6182
"10/06/2000",0.6218
"10/09/2000",0.6283
"10/10/2000",0.6257
"10/11/2000",0.6187
"10/12/2000",0.6236
"10/13/2000",0.614
"10/16/2000",0.607
"10/17/2000",0.6075
"10/18/2000",0.6002
"10/19/2000",0.6012
"10/20/2000",0.6092
"10/23/2000",0.6041
"10/24/2000",0.607
"10/25/2000",0.6126
"10/26/2000",0.6088
"10/27/2000",0.6114
"10/30/2000",0.6199
"10/31/2000",0.6077
"11/01/2000",0.5982
"11/02/2000",0.6016
"11/03/2000",0.61
"11/06/2000",0.6261
"11/07/2000",0.6314
"11/08/2000",0.629
"11/09/2000",0.6221
"11/10/2000",0.629
"11/13/2000",0.6282
"11/14/2000",0.623
"11/15/2000",0.6232
"11/16/2000",0.6295
"11/17/2000",0.6242
"11/20/2000",0.628
"11/21/2000",0.6161
"11/22/2000",0.6258
"11/24/2000",0.6258
"11/27/2000",0.6437
"11/28/2000",0.6369
"11/29/2000",0.6359
"11/30/2000",0.6385
"12/01/2000",0.6357
"12/04/2000",0.6335
"12/05/2000",0.6335
"12/06/2000",0.6334
"12/07/2000",0.6483
"12/08/2000",0.6313
"12/11/2000",0.6342
"12/12/2000",0.6159
"12/13/2000",0.6159
"12/14/2000",0.6169
"12/15/2000",0.6137
"12/18/2000",0.611
"12/19/2000",0.614
"12/20/2000",0.6213
"12/21/2000",0.6183
"12/22/2000",0.6183
"12/26/2000",0.5969
"12/27/2000",0.5976
"12/28/2000",0.5992
"12/29/2000",0.5853
"01/02/2001",0.566
"01/03/2001",0.5721
"01/04/2001",0.5586
"01/05/2001",0.5567
"01/08/2001",0.5648
"01/09/2001",0.5737
"01/10/2001",0.5784
"01/11/2001",0.5837
"01/12/2001",0.5862
"01/16/2001",0.5846
"01/17/2001",0.5802
"01/18/2001",0.58
"01/19/2001",0.5813
"01/22/2001",0.5686
"01/23/2001",0.5678
"01/24/2001",0.5861
"01/25/2001",0.581
"01/26/2001",0.5875
"01/29/2001",0.5845
"01/30/2001",0.5951
"01/31/2001",0.5886
"02/01/2001",0.5693
"02/02/2001",0.5726
"02/05/2001",0.5769
"02/06/2001",0.5773
"02/07/2001",0.567
"02/08/2001",0.5655
"02/09/2001",0.5587
"02/12/2001",0.564
"02/13/2001",0.5703
"02/14/2001",0.5793
"02/15/2001",0.5621
"02/16/2001",0.5556
"02/20/2001",0.5361
"02/21/2001",0.5328
"02/22/2001",0.5268
"02/23/2001",0.534
"02/26/2001",0.5142
"02/27/2001",0.5112
"02/28/2001",0.5075
"03/01/2001",0.5133
"03/02/2001",0.5211
"03/05/2001",0.5205
"03/06/2001",0.5248
"03/07/2001",0.5233
"03/08/2001",0.5201
"03/09/2001",0.4991
"03/12/2001",0.4902
"03/13/2001",0.4953
"03/14/2001",0.499
"03/15/2001",0.4684
"03/16/2001",0.4648
"03/19/2001",0.4711
"03/20/2001",0.4649
"03/21/2001",0.4582
"03/22/2001",0.4439
"03/23/2001",0.4556
"03/26/2001",0.4653
"03/27/2001",0.4509
"03/28/2001",0.4456
"03/29/2001",0.4269
"03/30/2001",0.4309
"04/02/2001",0.4273
"04/03/2001",0.4339
"04/04/2001",0.4419
"04/05/2001",0.4397
"04/06/2001",0.4488
"04/09/2001",0.4459
"04/10/2001",0.4457
"04/11/2001",0.4358
"04/12/2001",0.4289
"04/16/2001",0.4307
"04/17/2001",0.4447
"04/18/2001",0.437
"04/19/2001",0.4339
"04/20/2001",0.419
"04/23/2001",0.4228
"04/24/2001",0.4273
"04/25/2001",0.423
"04/26/2001",0.4197
"04/27/2001",0.4183
"04/30/2001",0.4214
"05/01/2001",0.4227
"05/02/2001",0.4315
"05/03/2001",0.4221
"05/04/2001",0.4221
"05/07/2001",0.4243
"05/08/2001",0.4144
"05/09/2001",0.4143
"05/10/2001",0.4183
"05/11/2001",0.4217
"05/14/2001",0.437
"05/15/2001",0.4308
"05/16/2001",0.4163
"05/17/2001",0.4147
"05/18/2001",0.4084
"05/21/2001",0.4019
"05/22/2001",0.3956
"05/23/2001",0.3966
"05/24/2001",0.3946
"05/25/2001",0.3965
"05/29/2001",0.3804
"05/30/2001",0.3772
"05/31/2001",0.3788
"06/01/2001",0.3842
"06/04/2001",0.3806
"06/05/2001",0.3798
"06/06/2001",0.3903
"06/07/2001",0.3944
"06/08/2001",0.4021
"06/11/2001",0.3822
"06/12/2001",0.3851
"06/13/2001",0.386
"06/14/2001",0.3807
"06/15/2001",0.3688
"06/18/2001",0.3641
"06/19/2001",0.3573
"06/20/2001",0.3585
"06/21/2001",0.3731
"06/22/2001",0.3656
"06/25/2001",0.3742
"06/26/2001",0.3775
"06/27/2001",0.3657
"06/28/2001",0.3861
"06/29/2001",0.387
"07/02/2001",0.379
"07/03/2001",0.379
"07/05/2001",0.3755
"07/06/2001",0.3752
"07/09/2001",0.3908
"07/10/2001",0.3867
"07/11/2001",0.395
"07/12/2001",0.394
"07/13/2001",0.375
"07/16/2001",0.379
"07/17/2001",0.3773
"07/18/2001",0.386
"07/19/2001",0.382
"07/20/2001",0.382
"07/23/2001",0.385
"07/24/2001",0.3793
"07/25/2001",0.385
"07/26/2001",0.3998
"07/27/2001",0.4009
"07/30/2001",0.3974
"07/31/2001",0.399
"08/01/2001",0.3928
"08/02/2001",0.3816
"08/03/2001",0.384
"08/06/2001",0.3847
"08/07/2001",0.3763
"08/08/2001",0.3732
"08/09/2001",0.3695
"08/10/2001",0.3445
"08/13/2001",0.344
"08/14/2001",0.3426
"08/15/2001",0.3497
"08/16/2001",0.3495
"08/17/2001",0.3453
"08/20/2001",0.3488
"08/21/2001",0.3485
"08/22/2001",0.3486
"08/23/2001",0.3479
"08/24/2001",0.3475
"08/27/2001",0.3525
"08/28/2001",0.351
"08/29/2001",0.3555
"08/30/2001",0.349
"08/31/2001",0.3494
"09/04/2001",0.3588
"09/05/2001",0.3525
"09/06/2001",0.341
"09/07/2001",0.335
"09/10/2001",0.335
"09/11/2001",0.335
"09/12/2001",0.335
"09/13/2001",0.335
"09/14/2001",0.335
"09/17/2001",0.325
"09/18/2001",0.3202
"09/19/2001",0.313
"09/20/2001",0.3168
"09/21/2001",0.3188
"09/24/2001",0.3312
"09/25/2001",0.3302
"09/26/2001",0.331
"09/27/2001",0.3173
"09/28/2001",0.3188
"10/01/2001",0.3155
"10/02/2001",0.3185
"10/03/2001",0.3192
"10/04/2001",0.3115
"10/05/2001",0.3002
"10/08/2001",0.2879
"10/09/2001",0.284
"10/10/2001",0.2907
"10/11/2001",0.2967
"10/12/2001",0.2951
"10/15/2001",0.2883
"10/16/2001",0.2897
"10/17/2001",0.2903
"10/18/2001",0.2868
"10/19/2001",0.2805
"10/22/2001",0.2731
"10/23/2001",0.2726
"10/24/2001",0.2684
"10/25/2001",0.2627
"10/26/2001",0.2661
"10/29/2001",0.2669
"10/30/2001",0.2667
"10/31/2001",0.2765
"11/01/2001",0.2803
"11/02/2001",0.2776
"11/05/2001",0.2858
"11/06/2001",0.2881
"11/07/2001",0.3023
"11/08/2001",0.3015
"11/09/2001",0.3038
"11/12/2001",0.3038
"11/13/2001",0.3271
"11/14/2001",0.3269
"11/15/2001",0.3202
"11/16/2001",0.325
"11/19/2001",0.3223
"11/20/2001",0.3185
"11/21/2001",0.3213
"11/23/2001",0.3213
"11/26/2001",0.323
"11/27/2001",0.3312
"11/28/2001",0.3378
"11/29/2001",0.3446
"11/30/2001",0.3427
"12/03/2001",0.3249
"12/04/2001",0.3181
"12/05/2001",0.3288
"12/06/2001",0.3268
"12/07/2001",0.3209
"12/10/2001",0.3109
"12/11/2001",0.3186
"12/12/2001",0.3111
"12/13/2001",0.3015
"12/14/2001",0.328
"12/17/2001",0.3295
"12/18/2001",0.3231
"12/19/2001",0.3195
"12/20/2001",0.3141
"12/21/2001",0.3141
"12/24/2001",0.3141
"12/26/2001",0.32
"12/27/2001",0.3183
"12/28/2001",0.3059
"12/31/2001",0.3059
"01/02/2002",0.3096
"01/03/2002",0.3064
"01/04/2002",0.3112
"01/07/2002",0.3206
"01/08/2002",0.3295
"01/09/2002",0.3223
"01/10/2002",0.319
"01/11/2002",0.3154
"01/14/2002",0.3115
"01/15/2002",0.3209
"01/16/2002",0.3243
"01/17/2002",0.3271
"01/18/2002",0.3183
"01/22/2002",0.3128
"01/23/2002",0.3123
"01/24/2002",0.3059
"01/25/2002",0.3118
"01/28/2002",0.307
"01/29/2002",0.3104
"01/30/2002",0.2977
"01/31/2002",0.2973
"02/01/2002",0.317
"02/04/2002",0.3208
"02/05/2002",0.3155
"02/06/2002",0.3162
"02/07/2002",0.3239
"02/08/2002",0.3276
"02/11/2002",0.3196
"02/12/2002",0.3294
"02/13/2002",0.302
"02/14/2002",0.3131
"02/15/2002",0.3058
"02/19/2002",0.2911
"02/20/2002",0.2932
"02/21/2002",0.2955
"02/22/2002",0.3001
"02/25/2002",0.3032
"02/26/2002",0.3092
"02/27/2002",0.311
"02/28/2002",0.3113
"03/01/2002",0.3131
"03/04/2002",0.3115
"03/05/2002",0.3139
"03/06/2002",0.3173
"03/07/2002",0.337
"03/08/2002",0.3308
"03/11/2002",0.3337
"03/12/2002",0.3305
"03/13/2002",0.338
"03/14/2002",0.3456
"03/15/2002",0.3445
"03/18/2002",0.3444
"03/19/2002",0.3451
"03/20/2002",0.347
"03/21/2002",0.3556
"03/22/2002",0.3495
"03/25/2002",0.3446
"03/26/2002",0.3391
"03/27/2002",0.3414
"03/28/2002",0.3391
"04/01/2002",0.3416
"04/02/2002",0.3438
"04/03/2002",0.3395
"04/04/2002",0.3347
"04/05/2002",0.3348
"04/08/2002",0.3281
"04/09/2002",0.3261
"04/10/2002",0.3389
"04/11/2002",0.3312
"04/12/2002",0.328
"04/15/2002",0.3222
"04/16/2002",0.3253
"04/17/2002",0.3257
"04/18/2002",0.3158
"04/19/2002",0.3074
"04/22/2002",0.3083
"04/23/2002",0.3101
"04/24/2002",0.3192
"04/25/2002",0.315
"04/26/2002",0.3002
"04/29/2002",0.2934
"04/30/2002",0.2972
"05/01/2002",0.2987
"05/02/2002",0.2851
"05/03/2002",0.2877
"05/06/2002",0.289
"05/07/2002",0.2836
"05/08/2002",0.2895
"05/09/2002",0.292
"05/10/2002",0.3046
"05/13/2002",0.3037
"05/14/2002",0.3117
"05/15/2002",0.3211
"05/16/2002",0.3148
"05/17/2002",0.3189
"05/20/2002",0.3174
"05/21/2002",0.3245
"05/22/2002",0.3315
"05/23/2002",0.333
"05/24/2002",0.3294
"05/28/2002",0.3425
"05/29/2002",0.344
"05/30/2002",0.3449
"05/31/2002",0.3572
"06/03/2002",0.3573
"06/04/2002",0.3508
"06/05/2002",0.3528
"06/06/2002",0.3541
"06/07/2002",0.3515
"06/10/2002",0.3471
"06/11/2002",0.3495
"06/12/2002",0.3432
"06/13/2002",0.3539
"06/14/2002",0.3524
"06/17/2002",0.3698
"06/18/2002",0.3665
"06/19/2002",0.3722
"06/20/2002",0.4022
"06/21/2002",0.3955
"06/24/2002",0.3985
"06/25/2002",0.4065
"06/26/2002",0.4045
"06/27/2002",0.3932
"06/28/2002",0.4196
"07/01/2002",0.3998
"07/02/2002",0.4094
"07/03/2002",0.416
"07/05/2002",0.416
"07/08/2002",0.4022
"07/09/2002",0.4109
"07/10/2002",0.427
"07/11/2002",0.4106
"07/12/2002",0.3974
"07/15/2002",0.3849
"07/16/2002",0.3838
"07/17/2002",0.401
"07/18/2002",0.4194
"07/19/2002",0.421
"07/22/2002",0.4254
"07/23/2002",0.4133
"07/24/2002",0.409
"07/25/2002",0.4094
"07/26/2002",0.4075
"07/29/2002",0.4025
"07/30/2002",0.4203
"07/31/2002",0.4195
"08/01/2002",0.4226
"08/02/2002",0.4148
"08/05/2002",0.3922
"08/06/2002",0.398
"08/07/2002",0.3996
"08/08/2002",0.396
"08/09/2002",0.3929
"08/12/2002",0.4043
"08/13/2002",0.4048
"08/14/2002",0.4098
"08/15/2002",0.3972
"08/16/2002",0.3936
"08/19/2002",0.4063
"08/20/2002",0.392
"08/21/2002",0.3855
"08/22/2002",0.3944
"08/23/2002",0.393
"08/26/2002",0.387
"08/27/2002",0.3885
"08/28/2002",0.4073
"08/29/2002",0.405
"08/30/2002",0.3994
"09/03/2002",0.3905
"09/04/2002",0.3875
"09/05/2002",0.3909
"09/06/2002",0.3859
"09/09/2002",0.3864
"09/10/2002",0.3868
"09/11/2002",0.3846
"09/12/2002",0.3698
"09/13/2002",0.3652
"09/16/2002",0.364
"09/17/2002",0.3739
"09/18/2002",0.3815
"09/19/2002",0.3848
"09/20/2002",0.386
"09/23/2002",0.3823
"09/24/2002",0.3902
"09/25/2002",0.3829
"09/26/2002",0.3828
"09/27/2002",0.3834
"09/30/2002",0.3892
"10/01/2002",0.4074
"10/02/2002",0.4124
"10/03/2002",0.3971
"10/04/2002",0.3769
"10/07/2002",0.3802
"10/08/2002",0.379
"10/09/2002",0.3842
"10/10/2002",0.3954
"10/11/2002",0.3884
"10/14/2002",0.3876
"10/15/2002",0.4054
"10/16/2002",0.4008
"10/17/2002",0.4054
"10/18/2002",0.4095
"10/21/2002",0.409
"10/22/2002",0.4123
"10/23/2002",0.4171
"10/24/2002",0.4239
"10/25/2002",0.4338
"10/28/2002",0.4306
"10/29/2002",0.4297
"10/30/2002",0.4285
"10/31/2002",0.4375
"11/01/2002",0.4441
"11/04/2002",0.4738
"11/05/2002",0.462
"11/06/2002",0.4594
"11/07/2002",0.4698
"11/08/2002",0.4713
"11/11/2002",0.4717
"11/12/2002",0.4642
"11/13/2002",0.461
"11/14/2002",0.4659
"11/15/2002",0.4848
"11/18/2002",0.4772
"11/19/2002",0.4671
"11/20/2002",0.4804
"11/21/2002",0.4738
"11/22/2002",0.479
"11/25/2002",0.4814
"11/26/2002",0.4743
"11/27/2002",0.4743
"11/29/2002",0.4743
"12/02/2002",0.4706
"12/03/2002",0.4564
"12/04/2002",0.457
"12/05/2002",0.468
"12/06/2002",0.4711
"12/09/2002",0.4675
"12/10/2002",0.4863
"12/11/2002",0.4863
"12/12/2002",0.4797
"12/13/2002",0.4833
"12/16/2002",0.4885
"12/17/2002",0.4858
"12/18/2002",0.5001
"12/19/2002",0.5023
"12/20/2002",0.507
"12/23/2002",0.5142
"12/24/2002",0.5142
"12/26/2002",0.5078
"12/27/2002",0.5105
"12/30/2002",0.5082
"12/31/2002",0.4991
"01/02/2003",0.5076
"01/03/2003",0.5037
"01/06/2003",0.5033
"01/07/2003",0.5042
"01/08/2003",0.5099
"01/09/2003",0.5006
"01/10/2003",0.504
"01/13/2003",0.4991
"01/14/2003",0.503
"01/15/2003",0.5046
"01/16/2003",0.5052
"01/17/2003",0.4963
"01/21/2003",0.4896
"01/22/2003",0.4851
"01/23/2003",0.4923
"01/24/2003",0.4931
"01/27/2003",0.5058
"01/28/2003",0.5036
"01/29/2003",0.5111
"01/30/2003",0.5143
"01/31/2003",0.5236
"02/03/2003",0.5218
"02/04/2003",0.5198
"02/05/2003",0.5185
"02/06/2003",0.517
"02/07/2003",0.5015
"02/10/2003",0.5068
"02/11/2003",0.5327
"02/12/2003",0.5327
"02/13/2003",0.5121
"02/14/2003",0.5293
"02/18/2003",0.5293
"02/19/2003",0.5333
"02/20/2003",0.5356
"02/21/2003",0.5409
"02/24/2003",0.5312
"02/25/2003",0.5418
"02/26/2003",0.5447
"02/27/2003",0.5331
"02/28/2003",0.5479
"03/03/2003",0.544
"03/04/2003",0.5414
"03/05/2003",0.5449
"03/06/2003",0.5447
"03/07/2003",0.5494
"03/10/2003",0.5503
"03/11/2003",0.5506
"03/12/2003",0.558
"03/13/2003",0.5631
"03/14/2003",0.5652
"03/17/2003",0.5606
"03/18/2003",0.5453
"03/19/2003",0.5534
"03/20/2003",0.5505
"03/21/2003",0.5578
"03/24/2003",0.5431
"03/25/2003",0.5445
"03/26/2003",0.5352
"03/27/2003",0.53
"03/28/2003",0.5354
"03/31/2003",0.5471
"04/01/2003",0.5472
"04/02/2003",0.5497
"04/03/2003",0.545
"04/04/2003",0.5469
"04/07/2003",0.5432
"04/08/2003",0.5347
"04/09/2003",0.5337
"04/10/2003",0.5442
"04/11/2003",0.5425
"04/14/2003",0.5336
"04/15/2003",0.5425
"04/16/2003",0.5427
"04/17/2003",0.548
"04/21/2003",0.5498
"04/22/2003",0.5471
"04/23/2003",0.5471
"04/24/2003",0.5261
"04/25/2003",0.5384
"04/28/2003",0.5213
"04/29/2003",0.5101
"04/30/2003",0.5067
"05/01/2003",0.5098
"05/02/2003",0.5075
"05/05/2003",0.4917
"05/06/2003",0.4701
"05/07/2003",0.4586
"05/08/2003",0.4759
"05/09/2003",0.4909
"05/12/2003",0.499
"05/13/2003",0.4976
"05/14/2003",0.5049
"05/15/2003",0.4973
"05/16/2003",0.4995
"05/19/2003",0.497
"05/20/2003",0.4919
"05/21/2003",0.4917
"05/22/2003",0.4925
"05/23/2003",0.4925
"05/27/2003",0.482
"05/28/2003",0.4777
"05/29/2003",0.4718
"05/30/2003",0.4658
"06/02/2003",0.4662
"06/03/2003",0.4513
"06/04/2003",0.4664
"06/05/2003",0.4751
"06/06/2003",0.4776
"06/09/2003",0.4921
"06/10/2003",0.5019
"06/11/2003",0.5218
"06/12/2003",0.5292
"06/13/2003",0.5229
"06/16/2003",0.5292
"06/17/2003",0.533
"06/18/2003",0.5288
"06/19/2003",0.5288
"06/20/2003",0.5365
"06/23/2003",0.526
"06/24/2003",0.5159
"06/25/2003",0.5301
"06/26/2003",0.5217
"06/27/2003",0.5275
"06/30/2003",0.536
"07/01/2003",0.536
"07/02/2003",0.5513
"07/03/2003",0.5447
"07/07/2003",0.5592
"07/08/2003",0.5546
"07/09/2003",0.56
"07/10/2003",0.5523
"07/11/2003",0.5533
"07/14/2003",0.561
"07/15/2003",0.5545
"07/16/2003",0.5448
"07/17/2003",0.5435
"07/18/2003",0.5585
"07/21/2003",0.5555
"07/22/2003",0.5555
"07/23/2003",0.5385
"07/24/2003",0.5508
"07/25/2003",0.5483
"07/28/2003",0.5515
"07/29/2003",0.5427
"07/30/2003",0.5377
"07/31/2003",0.5341
"08/01/2003",0.5285
"08/04/2003",0.5245
"08/05/2003",0.5243
"08/06/2003",0.539
"08/07/2003",0.529
"08/08/2003",0.531
"08/11/2003",0.524
"08/12/2003",0.5129
"08/13/2003",0.5195
"08/14/2003",0.5105
"08/15/2003",0.5102
"08/18/2003",0.514
"08/19/2003",0.5167
"08/20/2003",0.537
"08/21/2003",0.5247
"08/22/2003",0.522
"08/25/2003",0.522
"08/26/2003",0.525
"08/27/2003",0.5263
"08/28/2003",0.5325
"08/29/2003",0.543
"09/02/2003",0.5425
"09/03/2003",0.5434
"09/04/2003",0.5467
"09/05/2003",0.55
"09/08/2003",0.544
"09/09/2003",0.5493
"09/10/2003",0.5745
"09/11/2003",0.5995
"09/12/2003",0.6072
"09/15/2003",0.601
"09/16/2003",0.5835
"09/17/2003",0.5863
"09/18/2003",0.5984
"09/19/2003",0.5957
"09/22/2003",0.5922
"09/23/2003",0.6061
"09/24/2003",0.6142
"09/25/2003",0.6191
"09/26/2003",0.6191
"09/29/2003",0.6375
"09/30/2003",0.6426
"10/01/2003",0.637
"10/02/2003",0.6455
"10/03/2003",0.6358
"10/06/2003",0.6474
"10/07/2003",0.6428
"10/08/2003",0.6569
"10/09/2003",0.658
"10/10/2003",0.6754
"10/13/2003",0.6754
"10/14/2003",0.6787
"10/15/2003",0.7023
"10/16/2003",0.6984
"10/17/2003",0.7127
"10/20/2003",0.7117
"10/21/2003",0.7106
"10/22/2003",0.7334
"10/23/2003",0.7634
"10/24/2003",0.7786
"10/27/2003",0.7797
"10/28/2003",0.7773
"10/29/2003",0.7848
"10/30/2003",0.7548
"10/31/2003",0.7248
"11/03/2003",0.7216
"11/04/2003",0.7305
"11/05/2003",0.7332
"11/06/2003",0.7102
"11/07/2003",0.7277
"11/10/2003",0.722
"11/11/2003",0.7145
"11/12/2003",0.6881
"11/13/2003",0.7071
"11/14/2003",0.718
"11/17/2003",0.7121
"11/18/2003",0.6869
"11/19/2003",0.6966
"11/20/2003",0.6835
"11/21/2003",0.6659
"11/24/2003",0.6359
"11/25/2003",0.6059
"11/26/2003",0.6059
"11/28/2003",0.6359
"12/01/2003",0.6359
"12/02/2003",0.6733
"12/03/2003",0.6613
"12/04/2003",0.6473
"12/05/2003",0.6499
"12/08/2003",0.6354
"12/09/2003",0.6425
"12/10/2003",0.6381
"12/11/2003",0.6439
"12/12/2003",0.6481
"12/15/2003",0.6352
"12/16/2003",0.6467
"12/17/2003",0.6512
"12/18/2003",0.6408
"12/19/2003",0.6604
"12/22/2003",0.6604
"12/23/2003",0.6604
"12/24/2003",0.6604
"12/26/2003",0.6604
"12/29/2003",0.6872
"12/30/2003",0.6937
"12/31/2003",0.7506
"01/02/2004",0.7506
"01/05/2004",0.713
"01/06/2004",0.7117
"01/07/2004",0.6954
"01/08/2004",0.7063
"01/09/2004",0.6967
"01/12/2004",0.6976
"01/13/2004",0.6981
"01/14/2004",0.6907
"01/15/2004",0.6999
"01/16/2004",0.7022
"01/20/2004",0.7077
"01/21/2004",0.7066
"01/22/2004",0.7082
"01/23/2004",0.7094
"01/26/2004",0.7064
"01/27/2004",0.6876
"01/28/2004",0.6576
"01/29/2004",0.6366
"01/30/2004",0.6573
"02/02/2004",0.6364
"02/03/2004",0.639
"02/04/2004",0.6425
"02/05/2004",0.635
"02/06/2004",0.6407
"02/09/2004",0.6296
"02/10/2004",0.5996
"02/11/2004",0.5994
"02/12/2004",0.6142
"02/13/2004",0.6168
"02/17/2004",0.6251
"02/18/2004",0.6188
"02/19/2004",0.6428
"02/20/2004",0.6476
"02/23/2004",0.6515
"02/24/2004",0.6566
"02/25/2004",0.6466
"02/26/2004",0.6841
"02/27/2004",0.6902
"03/01/2004",0.6878
"03/02/2004",0.6598
"03/03/2004",0.6527
"03/04/2004",0.6422
"03/05/2004",0.6473
"03/08/2004",0.6226
"03/09/2004",0.5926
"03/10/2004",0.5926
"03/11/2004",0.6218
"03/12/2004",0.6087
"03/15/2004",0.6168
"03/16/2004",0.6204
"03/17/2004",0.626
"03/18/2004",0.6425
"03/19/2004",0.6442
"03/22/2004",0.635
"03/23/2004",0.6136
"03/24/2004",0.6176
"03/25/2004",0.607
"03/26/2004",0.616
"03/29/2004",0.6203
"03/30/2004",0.616
"03/31/2004",0.586
"04/01/2004",0.5803
"04/02/2004",0.5912
"04/05/2004",0.5868
"04/06/2004",0.5822
"04/07/2004",0.5818
"04/08/2004",0.5821
"04/12/2004",0.5526
"04/13/2004",0.5412
"04/14/2004",0.5737
"04/15/2004",0.5865
"04/16/2004",0.5924
"04/19/2004",0.5996
"04/20/2004",0.5909
"04/21/2004",0.6036
"04/22/2004",0.6101
"04/23/2004",0.6155
"04/26/2004",0.6155
"04/27/2004",0.6038
"04/28/2004",0.5738
"04/29/2004",0.5713
"04/30/2004",0.5711
"05/03/2004",0.5711
"05/04/2004",0.5743
"05/05/2004",0.5829
"05/06/2004",0.595
"05/07/2004",0.625
"05/10/2004",0.6229
"05/11/2004",0.619
"05/12/2004",0.609
"05/13/2004",0.6259
"05/14/2004",0.6222
"05/17/2004",0.6146
"05/18/2004",0.6019
"05/19/2004",0.6122
"05/20/2004",0.6122
"05/21/2004",0.6025
"05/24/2004",0.6079
"05/25/2004",0.6143
"05/26/2004",0.601
"05/27/2004",0.589
"05/28/2004",0.5894
"06/01/2004",0.5598
"06/02/2004",0.5563
"06/03/2004",0.5579
"06/04/2004",0.5655
"06/07/2004",0.5528
"06/08/2004",0.5444
"06/09/2004",0.5534
"06/10/2004",0.5692
"06/14/2004",0.5607
"06/15/2004",0.5307
"06/16/2004",0.5028
"06/17/2004",0.51
"06/18/2004",0.51
"06/21/2004",0.4956
"06/22/2004",0.4845
"06/23/2004",0.4855
"06/24/2004",0.5
"06/25/2004",0.5095
"06/28/2004",0.492
"06/29/2004",0.5002
"06/30/2004",0.4845
"07/01/2004",0.4732
"07/02/2004",0.4722
"07/06/2004",0.4724
"07/07/2004",0.466
"07/08/2004",0.4575
"07/09/2004",0.456
"07/12/2004",0.4435
"07/13/2004",0.4485
"07/14/2004",0.453
"07/15/2004",0.4378
"07/16/2004",0.458
"07/19/2004",0.46
"07/20/2004",0.4718
"07/21/2004",0.465
"07/22/2004",0.4535
"07/23/2004",0.4495
"07/26/2004",0.4331
"07/27/2004",0.4294
"07/28/2004",0.4345
"07/29/2004",0.4273
"07/30/2004",0.4283
"08/02/2004",0.433
"08/03/2004",0.4446
"08/04/2004",0.4395
"08/05/2004",0.4473
"08/06/2004",0.434
"08/09/2004",0.434
"08/10/2004",0.4355
"08/11/2004",0.4338
"08/12/2004",0.4102
"08/13/2004",0.4155
"08/16/2004",0.416
"08/17/2004",0.446
"08/18/2004",0.4535
"08/19/2004",0.4508
"08/20/2004",0.4805
"08/23/2004",0.4785
"08/24/2004",0.482
"08/25/2004",0.4749
"08/26/2004",0.4565
"08/27/2004",0.4515
"08/30/2004",0.4815
"08/31/2004",0.513
"09/01/2004",0.5065
"09/02/2004",0.515
"09/03/2004",0.485
"09/07/2004",0.497
"09/08/2004",0.505
"09/09/2004",0.5005
"09/10/2004",0.4875
"09/13/2004",0.5055
"09/14/2004",0.4895
"09/15/2004",0.4875
"09/16/2004",0.4597
"09/17/2004",0.4718
"09/20/2004",0.4718
"09/21/2004",0.4688
"09/22/2004",0.4784
"09/23/2004",0.4707
"09/24/2004",0.4527
"09/27/2004",0.463
"09/28/2004",0.4626
"09/29/2004",0.4528
"09/30/2004",0.446
"10/01/2004",0.4523
"10/04/2004",0.4558
"10/05/2004",0.4498
"10/06/2004",0.4622
"10/07/2004",0.4547
"10/08/2004",0.4435
"10/11/2004",0.4435
"10/12/2004",0.4179
"10/13/2004",0.4295
"10/14/2004",0.4452
"10/15/2004",0.4382
"10/18/2004",0.4442
"10/19/2004",0.4604
"10/20/2004",0.4649
"10/21/2004",0.4431
"10/22/2004",0.4417
"10/25/2004",0.4504
"10/26/2004",0.4512
"10/27/2004",0.4533
"10/28/2004",0.4356
"10/29/2004",0.4323
"11/01/2004",0.4223
"11/02/2004",0.434
"11/03/2004",0.4283
"11/04/2004",0.4162
"11/05/2004",0.4161
"11/08/2004",0.4208
"11/09/2004",0.4229
"11/10/2004",0.419
"11/11/2004",0.419
"11/12/2004",0.4284
"11/15/2004",0.428
"11/16/2004",0.4287
"11/17/2004",0.426
"11/18/2004",0.4331
"11/19/2004",0.4253
"11/22/2004",0.4274
"11/23/2004",0.423
"11/24/2004",0.4142
"11/26/2004",0.4142
"11/29/2004",0.4247
"11/30/2004",0.4353
"12/01/2004",0.4214
"12/02/2004",0.4162
"12/03/2004",0.4042
"12/06/2004",0.4053
"12/07/2004",0.4169
"12/08/2004",0.411
"12/09/2004",0.4136
"12/10/2004",0.4081
"12/13/2004",0.4197
"12/14/2004",0.4138
"12/15/2004",0.4151
"12/16/2004",0.4221
"12/17/2004",0.4238
"12/20/2004",0.4199
"12/21/2004",0.4162
"12/22/2004",0.4072
"12/23/2004",0.409
"12/27/2004",0.4092
"12/28/2004",0.422
"12/29/2004",0.4201
"12/30/2004",0.4277
"12/31/2004",0.4277
"01/03/2005",0.4212
"01/04/2005",0.4249
"01/05/2005",0.4337
"01/06/2005",0.4331
"01/07/2005",0.4406
"01/10/2005",0.4406
"01/11/2005",0.427
"01/12/2005",0.4309
"01/13/2005",0.4278
"01/14/2005",0.4267
"01/18/2005",0.4321
"01/19/2005",0.4496
"01/20/2005",0.4458
"01/21/2005",0.4397
"01/24/2005",0.4344
"01/25/2005",0.4378
"01/26/2005",0.4378
"01/27/2005",0.4086
"01/28/2005",0.4085
"01/31/2005",0.4176
"02/01/2005",0.4188
"02/02/2005",0.4227
"02/03/2005",0.4112
"02/04/2005",0.4122
"02/07/2005",0.4124
"02/08/2005",0.407
"02/09/2005",0.4107
"02/10/2005",0.4274
"02/11/2005",0.4295
"02/14/2005",0.4347
"02/15/2005",0.4391
"02/16/2005",0.4383
"02/17/2005",0.4366
"02/18/2005",0.4448
"02/22/2005",0.4643
"02/23/2005",0.4539
"02/24/2005",0.4525
"02/25/2005",0.4718
"02/28/2005",0.4827
"03/01/2005",0.4734
"03/02/2005",0.4694
"03/03/2005",0.4727
"03/04/2005",0.4798
"03/07/2005",0.4719
"03/08/2005",0.4827
"03/09/2005",0.4875
"03/10/2005",0.4965
"03/11/2005",0.5065
"03/14/2005",0.5011
"03/15/2005",0.5063
"03/16/2005",0.5078
"03/17/2005",0.4808
"03/18/2005",0.4769
"03/21/2005",0.4687
"03/22/2005",0.4813
"03/23/2005",0.4733
"03/24/2005",0.4834
"03/28/2005",0.5071
"03/29/2005",0.5033
"03/30/2005",0.5013
"03/31/2005",0.4978
"04/01/2005",0.4955
"04/04/2005",0.4935
"04/05/2005",0.488
"04/06/2005",0.4838
"04/07/2005",0.4872
"04/08/2005",0.4872
"04/11/2005",0.4977
"04/12/2005",0.495
"04/13/2005",0.4772
"04/14/2005",0.4864
"04/15/2005",0.4856
"04/18/2005",0.4984
"04/19/2005",0.5137
"04/20/2005",0.5135
"04/21/2005",0.5094
"04/22/2005",0.5062
"04/25/2005",0.5351
"04/26/2005",0.5397
"04/27/2005",0.5291
"04/28/2005",0.5352
"04/29/2005",0.5355
"05/02/2005",0.5308
"05/03/2005",0.5308
"05/04/2005",0.5039
"05/05/2005",0.4976
"05/06/2005",0.4999
"05/09/2005",0.5176
"05/10/2005",0.5268
"05/11/2005",0.5355
"05/12/2005",0.5183
"05/13/2005",0.505
"05/16/2005",0.4876
"05/17/2005",0.4881
"05/18/2005",0.4855
"05/19/2005",0.469
"05/20/2005",0.4705
"05/23/2005",0.4727
"05/24/2005",0.4733
"05/25/2005",0.4762
"05/26/2005",0.4763
"05/27/2005",0.4768
"05/31/2005",0.4589
"06/01/2005",0.4584
"06/02/2005",0.4601
"06/03/2005",0.4559
"06/06/2005",0.4487
"06/07/2005",0.4444
"06/08/2005",0.4439
"06/09/2005",0.4379
"06/10/2005",0.4446
"06/13/2005",0.4503
"06/14/2005",0.451
"06/15/2005",0.4457
"06/16/2005",0.4414
"06/17/2005",0.45
"06/20/2005",0.462
"06/21/2005",0.4666
"06/22/2005",0.4665
"06/23/2005",0.4894
"06/24/2005",0.5065
"06/27/2005",0.5113
"06/28/2005",0.4975
"06/29/2005",0.514
"06/30/2005",0.5222
"07/01/2005",0.5215
"07/05/2005",0.5215
"07/06/2005",0.5104
"07/07/2005",0.519
"07/08/2005",0.5155
"07/11/2005",0.509
"07/12/2005",0.479
"07/13/2005",0.4735
"07/14/2005",0.4797
"07/15/2005",0.4795
"07/18/2005",0.4684
"07/19/2005",0.462
"07/20/2005",0.46
"07/21/2005",0.4665
"07/22/2005",0.4795
"07/25/2005",0.4795
"07/26/2005",0.4825
"07/27/2005",0.478
"07/28/2005",0.4786
"07/29/2005",0.4874
"08/01/2005",0.4845
"08/02/2005",0.487
"08/03/2005",0.4814
"08/04/2005",0.4835
"08/05/2005",0.4835
"08/08/2005",0.4717
"08/09/2005",0.469
"08/10/2005",0.4626
"08/11/2005",0.4563
"08/12/2005",0.4488
"08/15/2005",0.439
"08/16/2005",0.44
"08/17/2005",0.4475
"08/18/2005",0.4401
"08/19/2005",0.4462
"08/22/2005",0.4505
"08/23/2005",0.4567
"08/24/2005",0.45
"08/25/2005",0.4452
"08/26/2005",0.449
"08/29/2005",0.4563
"08/30/2005",0.4725
"08/31/2005",0.4665
"09/01/2005",0.4679
"09/02/2005",0.4697
"09/06/2005",0.4895
"09/07/2005",0.4975
"09/08/2005",0.4887
"09/09/2005",0.4855
"09/12/2005",0.481
"09/13/2005",0.4687
"09/14/2005",0.471
"09/15/2005",0.4654
"09/16/2005",0.4649
"09/19/2005",0.4873
"09/20/2005",0.4732
"09/21/2005",0.4864
"09/22/2005",0.4872
"09/23/2005",0.478
"09/26/2005",0.4801
"09/27/2005",0.5084
"09/28/2005",0.5066
"09/29/2005",0.5116
"09/30/2005",0.4986
"10/03/2005",0.5124
"10/04/2005",0.5005
"10/05/2005",0.5091
"10/06/2005",0.5075
"10/07/2005",0.5063
"10/10/2005",0.5063
"10/11/2005",0.5267
"10/12/2005",0.534
"10/13/2005",0.5368
"10/14/2005",0.5443
"10/17/2005",0.535
"10/18/2005",0.5287
"10/19/2005",0.5179
"10/20/2005",0.5071
"10/21/2005",0.5174
"10/24/2005",0.5128
"10/25/2005",0.5298
"10/26/2005",0.5251
"10/27/2005",0.4938
"10/28/2005",0.5027
"10/31/2005",0.4962
"11/01/2005",0.5011
"11/02/2005",0.5029
"11/03/2005",0.4973
"11/04/2005",0.4944
"11/07/2005",0.4926
"11/08/2005",0.4896
"11/09/2005",0.4841
"11/10/2005",0.482
"11/11/2005",0.482
"11/14/2005",0.4889
"11/15/2005",0.4993
"11/16/2005",0.4936
"11/17/2005",0.4996
"11/18/2005",0.4963
"11/21/2005",0.4601
"11/22/2005",0.5031
"11/23/2005",0.4961
"11/25/2005",0.4601
"11/28/2005",0.4915
"11/29/2005",0.4931
"11/30/2005",0.4953
"12/01/2005",0.4878
"12/02/2005",0.4902
"12/05/2005",0.4952
"12/06/2005",0.5027
"12/07/2005",0.5012
"12/08/2005",0.505
"12/09/2005",0.5047
"12/12/2005",0.5116
"12/13/2005",0.5119
"12/14/2005",0.5049
"12/15/2005",0.5001
"12/16/2005",0.5039
"12/19/2005",0.5063
"12/20/2005",0.5063
"12/21/2005",0.4985
"12/22/2005",0.5114
"12/23/2005",0.5054
"12/27/2005",0.508
"12/28/2005",0.5107
"12/29/2005",0.5065
"12/30/2005",0.5119
"01/03/2006",0.5224
"01/04/2006",0.5194
"01/05/2006",0.5169
"01/06/2006",0.518
"01/09/2006",0.5245
"01/10/2006",0.5245
"01/11/2006",0.5218
"01/12/2006",0.5219
"01/13/2006",0.5268
"01/17/2006",0.5274
"01/18/2006",0.5131
"01/19/2006",0.5251
"01/20/2006",0.5357
"01/23/2006",0.5328
"01/24/2006",0.531
"01/25/2006",0.5303
"01/26/2006",0.5298
"01/27/2006",0.5202
"01/30/2006",0.5167
"01/31/2006",0.5222
"02/01/2006",0.5237
"02/02/2006",0.5398
"02/03/2006",0.537
"02/06/2006",0.5394
"02/07/2006",0.5185
"02/08/2006",0.5303
"02/09/2006",0.5317
"02/10/2006",0.5272
"02/13/2006",0.5191
"02/14/2006",0.54
"02/15/2006",0.533
"02/16/2006",0.5287
"02/17/2006",0.5359
"02/21/2006",0.5264
"02/22/2006",0.5345
"02/23/2006",0.5327
"02/24/2006",0.5286
"02/27/2006",0.5177
"02/28/2006",0.5219
"03/01/2006",0.5211
"03/02/2006",0.5146
"03/03/2006",0.5124
"03/06/2006",0.5068
"03/07/2006",0.505
"03/08/2006",0.516
"03/09/2006",0.5092
"03/10/2006",0.5186
"03/13/2006",0.5099
"03/14/2006",0.5085
"03/15/2006",0.5158
"03/16/2006",0.5149
"03/17/2006",0.5131
"03/20/2006",0.5076
"03/21/2006",0.5046
"03/22/2006",0.4947
"03/23/2006",0.5049
"03/24/2006",0.5
"03/27/2006",0.506
"03/28/2006",0.5041
"03/29/2006",0.5066
"03/30/2006",0.512
"03/31/2006",0.504
"04/03/2006",0.5032
"04/04/2006",0.5056
"04/05/2006",0.5171
"04/06/2006",0.5139
"04/07/2006",0.5172
"04/10/2006",0.5095
"04/11/2006",0.4981
"04/12/2006",0.4978
"04/13/2006",0.4951
"04/17/2006",0.5091
"04/18/2006",0.504
"04/19/2006",0.5045
"04/20/2006",0.4956
"04/21/2006",0.4927
"04/24/2006",0.4886
"04/25/2006",0.4789
"04/26/2006",0.4822
"04/27/2006",0.475
"04/28/2006",0.4847
"05/01/2006",0.4832
"05/02/2006",0.4766
"05/03/2006",0.4794
"05/04/2006",0.4703
"05/05/2006",0.4706
"05/08/2006",0.4769
"05/09/2006",0.4788
"05/10/2006",0.4838
"05/11/2006",0.4858
"05/12/2006",0.493
"05/15/2006",0.4887
"05/16/2006",0.4864
"05/17/2006",0.4806
"05/18/2006",0.4727
"05/19/2006",0.4661
"05/22/2006",0.4642
"05/23/2006",0.4803
"05/24/2006",0.472
"05/25/2006",0.4731
"05/26/2006",0.4819
"05/30/2006",0.489
"05/31/2006",0.4794
"06/01/2006",0.4935
"06/02/2006",0.4967
"06/05/2006",0.4939
"06/06/2006",0.4863
"06/07/2006",0.4887
"06/08/2006",0.4957
"06/09/2006",0.4961
"06/12/2006",0.497
"06/13/2006",0.4875
"06/14/2006",0.4883
"06/15/2006",0.4944
"06/16/2006",0.4907
"06/19/2006",0.4885
"06/20/2006",0.4895
"06/21/2006",0.4948
"06/22/2006",0.4766
"06/23/2006",0.4766
"06/26/2006",0.4623
"06/27/2006",0.4766
"06/28/2006",0.4705
"06/29/2006",0.4705
"06/30/2006",0.472
"07/03/2006",0.4625
"07/05/2006",0.4675
"07/06/2006",0.4665
"07/07/2006",0.4675
"07/10/2006",0.4599
"07/11/2006",0.4618
"07/12/2006",0.4739
"07/13/2006",0.4665
"07/14/2006",0.4587
"07/17/2006",0.4645
"07/18/2006",0.479
"07/19/2006",0.484
"07/20/2006",0.4775
"07/21/2006",0.491
"07/24/2006",0.4965
"07/25/2006",0.489
"07/26/2006",0.4875
"07/27/2006",0.4935
"07/28/2006",0.4945
"07/31/2006",0.492
"08/01/2006",0.5048
"08/02/2006",0.5058
"08/03/2006",0.5098
"08/04/2006",0.5023
"08/07/2006",0.508
"08/08/2006",0.5075
"08/09/2006",0.5078
"08/10/2006",0.5108
"08/11/2006",0.4974
"08/14/2006",0.4871
"08/15/2006",0.4935
"08/16/2006",0.492
"08/17/2006",0.4905
"08/18/2006",0.4865
"08/21/2006",0.4836
"08/22/2006",0.495
"08/23/2006",0.493
"08/24/2006",0.4935
"08/25/2006",0.4975
"08/28/2006",0.4935
"08/29/2006",0.496
"08/30/2006",0.49
"08/31/2006",0.4955
"09/01/2006",0.4856
"09/05/2006",0.484
"09/06/2006",0.4819
"09/07/2006",0.4794
"09/08/2006",0.4738
"09/11/2006",0.4675
"09/12/2006",0.4778
"09/13/2006",0.4755
"09/14/2006",0.4738
"09/15/2006",0.4807
"09/18/2006",0.4873
"09/19/2006",0.4731
"09/20/2006",0.4784
"09/21/2006",0.4773
"09/22/2006",0.4785
"09/25/2006",0.4736
"09/26/2006",0.4825
"09/27/2006",0.4796
"09/28/2006",0.4716
"09/29/2006",0.462
"10/02/2006",0.4597
"10/03/2006",0.4562
"10/04/2006",0.4641
"10/05/2006",0.4594
"10/06/2006",0.4534
"10/09/2006",0.4534
"10/10/2006",0.4545
"10/11/2006",0.4513
"10/12/2006",0.4568
"10/13/2006",0.4576
"10/16/2006",0.4593
"10/17/2006",0.4645
"10/18/2006",0.4558
"10/19/2006",0.4625
"10/20/2006",0.4671
"10/23/2006",0.4752
"10/24/2006",0.4707
"10/25/2006",0.4742
"10/26/2006",0.4835
"10/27/2006",0.4854
"10/30/2006",0.4711
"10/31/2006",0.4703
"11/01/2006",0.4653
"11/02/2006",0.4693
"11/03/2006",0.4696
"11/06/2006",0.4767
"11/07/2006",0.4789
"11/08/2006",0.4752
"11/09/2006",0.478
"11/10/2006",0.4709
"11/13/2006",0.4583
"11/14/2006",0.4656
"11/15/2006",0.4736
"11/16/2006",0.4665
"11/17/2006",0.464
"11/20/2006",0.4644
"11/21/2006",0.4688
"11/22/2006",0.4737
"11/24/2006",0.4644
"11/27/2006",0.4835
"11/28/2006",0.4816
"11/29/2006",0.4764
"11/30/2006",0.4925
"12/01/2006",0.4968
"12/04/2006",0.4968
"12/05/2006",0.4939
"12/06/2006",0.4935
"12/07/2006",0.4906
"12/08/2006",0.4873
"12/11/2006",0.5029
"12/12/2006",0.5048
"12/13/2006",0.5034
"12/14/2006",0.5118
"12/15/2006",0.5096
"12/18/2006",0.5081
"12/19/2006",0.5103
"12/20/2006",0.5062
"12/21/2006",0.5162
"12/22/2006",0.5203
"12/26/2006",0.5203
"12/27/2006",0.5263
"12/28/2006",0.5321
"12/29/2006",0.5244
"01/03/2007",0.5114
"01/04/2007",0.5081
"01/05/2007",0.5067
"01/08/2007",0.5078
"01/09/2007",0.5035
"01/10/2007",0.5018
"01/11/2007",0.5029
"01/12/2007",0.5095
"01/16/2007",0.5117
"01/17/2007",0.5131
"01/18/2007",0.5078
"01/19/2007",0.508
"01/22/2007",0.5034
"01/23/2007",0.5107
"01/24/2007",0.5072
"01/25/2007",0.5062
"01/26/2007",0.5037
"01/29/2007",0.4982
"01/30/2007",0.496
"01/31/2007",0.5025
"02/01/2007",0.4982
"02/02/2007",0.5014
"02/05/2007",0.5088
"02/06/2007",0.4992
"02/07/2007",0.4992
"02/08/2007",0.4866
"02/09/2007",0.4901
"02/12/2007",0.4849
"02/13/2007",0.4884
"02/14/2007",0.48
"02/15/2007",0.4848
"02/16/2007",0.4857
"02/20/2007",0.488
"02/21/2007",0.4881
"02/22/2007",0.4942
"02/23/2007",0.4985
"02/26/2007",0.5005
"02/27/2007",0.4931
"02/28/2007",0.5007
"03/01/2007",0.4995
"03/02/2007",0.5014
"03/05/2007",0.493
"03/06/2007",0.4984
"03/07/2007",0.5073
"03/08/2007",0.5074
"03/09/2007",0.5075
"03/12/2007",0.5081
"03/13/2007",0.4981
"03/14/2007",0.4975
"03/15/2007",0.4969
"03/16/2007",0.4969
"03/19/2007",0.4996
"03/20/2007",0.4955
"03/21/2007",0.4936
"03/22/2007",0.4947
"03/23/2007",0.4952
"03/26/2007",0.4954
"03/27/2007",0.4964
"03/28/2007",0.5016
"03/29/2007",0.5044
"03/30/2007",0.4962
"04/02/2007",0.4949
"04/03/2007",0.493
"04/04/2007",0.4951
"04/05/2007",0.4916
"04/09/2007",0.4806
"04/10/2007",0.4794
"04/11/2007",0.4807
"04/12/2007",0.4737
"04/13/2007",0.4762
"04/16/2007",0.4663
"04/17/2007",0.4685
"04/18/2007",0.4749
"04/19/2007",0.4658
"04/20/2007",0.4734
"04/23/2007",0.4676
"04/24/2007",0.4597
"04/25/2007",0.4648
"04/26/2007",0.4524
"04/27/2007",0.4525
"04/30/2007",0.4451
"05/01/2007",0.4347
"05/02/2007",0.4387
"05/03/2007",0.4365
"05/04/2007",0.4353
"05/07/2007",0.4385
"05/08/2007",0.4445
"05/09/2007",0.4482
"05/10/2007",0.4503
"05/11/2007",0.4411
"05/14/2007",0.4292
"05/15/2007",0.4375
"05/16/2007",0.4519
"05/17/2007",0.4559
"05/18/2007",0.4576
"05/21/2007",0.4654
"05/22/2007",0.4632
"05/23/2007",0.4514
"05/24/2007",0.4609
"05/25/2007",0.4714
"05/29/2007",0.4603
"05/30/2007",0.4638
"05/31/2007",0.4705
"06/01/2007",0.4648
"06/04/2007",0.4599
"06/05/2007",0.4775
"06/06/2007",0.4805
"06/07/2007",0.4826
"06/08/2007",0.4792
"06/11/2007",0.4842
"06/12/2007",0.481
"06/13/2007",0.4919
"06/14/2007",0.5075
"06/15/2007",0.5167
"06/18/2007",0.5267
"06/19/2007",0.552
"06/20/2007",0.547
"06/21/2007",0.55
"06/22/2007",0.543
"06/25/2007",0.54
"06/26/2007",0.5466
"06/27/2007",0.548
"06/28/2007",0.549
"06/29/2007",0.565
"07/02/2007",0.5665
"07/03/2007",0.5625
"07/05/2007",0.57
"07/06/2007",0.5773
"07/09/2007",0.6
"07/10/2007",0.6041
"07/11/2007",0.605
"07/12/2007",0.6025
"07/13/2007",0.6149
"07/16/2007",0.6092
"07/17/2007",0.5861
"07/18/2007",0.597
"07/19/2007",0.579
"07/20/2007",0.5635
"07/23/2007",0.5625
"07/24/2007",0.571
"07/25/2007",0.5725
"07/26/2007",0.5725
"07/27/2007",0.568
"07/30/2007",0.568
"07/31/2007",0.5825
"08/01/2007",0.575
"08/02/2007",0.5785
"08/03/2007",0.581
"08/06/2007",0.572
"08/07/2007",0.5585
"08/08/2007",0.564
"08/09/2007",0.555
"08/10/2007",0.545
"08/13/2007",0.543
"08/14/2007",0.5385
"08/15/2007",0.535
"08/16/2007",0.5073
"08/17/2007",0.515
"08/20/2007",0.5278
"08/21/2007",0.5235
"08/22/2007",0.522
"08/23/2007",0.529
"08/24/2007",0.5295
"08/27/2007",0.524
"08/28/2007",0.5257
"08/29/2007",0.5283
"08/30/2007",0.544
"08/31/2007",0.5612
"09/04/2007",0.567
"09/05/2007",0.556
"09/06/2007",0.5541
"09/07/2007",0.5515
"09/10/2007",0.558
"09/11/2007",0.564
"09/12/2007",0.576
"09/13/2007",0.5775
"09/14/2007",0.5842
"09/17/2007",0.5968
"09/18/2007",0.601
"09/19/2007",0.5942
"09/20/2007",0.6037
"09/21/2007",0.6158
"09/24/2007",0.6173
"09/25/2007",0.6158
"09/26/2007",0.6145
"09/27/2007",0.6217
"09/28/2007",0.605
"10/01/2007",0.6061
"10/02/2007",0.5874
"10/03/2007",0.5893
"10/04/2007",0.5899
"10/05/2007",0.5872
"10/08/2007",0.5872
"10/09/2007",0.5848
"10/10/2007",0.5971
"10/11/2007",0.5973
"10/12/2007",0.5987
"10/15/2007",0.5932
"10/16/2007",0.5946
"10/17/2007",0.6006
"10/18/2007",0.6165
"10/19/2007",0.619
"10/22/2007",0.6137
"10/23/2007",0.6176
"10/24/2007",0.6032
"10/25/2007",0.6089
"10/26/2007",0.6163
"10/29/2007",0.6177
"10/30/2007",0.6087
"10/31/2007",0.6108
"11/01/2007",0.6074
"11/02/2007",0.6131
"11/05/2007",0.6102
"11/06/2007",0.6242
"11/07/2007",0.6232
"11/08/2007",0.6194
"11/09/2007",0.6189
"11/12/2007",0.6189
"11/13/2007",0.6039
"11/14/2007",0.604
"11/15/2007",0.6048
"11/16/2007",0.6014
"11/19/2007",0.5962
"11/20/2007",0.5962
"11/21/2007",0.5954
"11/23/2007",0.5954
"11/26/2007",0.5892
"11/27/2007",0.584
"11/28/2007",0.5993
"11/29/2007",0.5904
"11/30/2007",0.5746
"12/03/2007",0.5745
"12/04/2007",0.575
"12/05/2007",0.5812
"12/06/2007",0.5853
"12/07/2007",0.593
"12/10/2007",0.593
"12/11/2007",0.5888
"12/12/2007",0.6
"12/13/2007",0.5966
"12/14/2007",0.5966
"12/17/2007",0.604
"12/18/2007",0.6047
"12/19/2007",0.6102
"12/20/2007",0.6092
"12/21/2007",0.6133
"12/24/2007",0.6133
"12/26/2007",0.6187
"12/27/2007",0.6253
"12/28/2007",0.6264
"12/31/2007",0.6276
"01/02/2008",0.6363
"01/03/2008",0.6346
"01/04/2008",0.6344
"01/07/2008",0.637
"01/08/2008",0.6468
"01/09/2008",0.6427
"01/10/2008",0.6221
"01/11/2008",0.6521
"01/14/2008",0.6645
"01/15/2008",0.6694
"01/16/2008",0.6656
"01/17/2008",0.6717
"01/18/2008",0.6598
"01/22/2008",0.6508
"01/23/2008",0.6208
"01/24/2008",0.6364
"01/25/2008",0.6314
"01/28/2008",0.6355
"01/29/2008",0.6349
"01/30/2008",0.6381
"01/31/2008",0.6304
"02/01/2008",0.6381
"02/04/2008",0.6412
"02/05/2008",0.6335
"02/06/2008",0.6392
"02/07/2008",0.6366
"02/08/2008",0.6434
"02/11/2008",0.6266
"02/12/2008",0.6252
"02/13/2008",0.6266
"02/14/2008",0.6566
"02/15/2008",0.654
"02/19/2008",0.668
"02/20/2008",0.6727
"02/21/2008",0.6996
"02/22/2008",0.7081
"02/25/2008",0.7381
"02/26/2008",0.7448
"02/27/2008",0.7293
"02/28/2008",0.7433
"02/29/2008",0.7686
"03/03/2008",0.7986
"03/04/2008",0.8286
"03/05/2008",0.8328
"03/06/2008",0.7828
"03/07/2008",0.7428
"03/10/2008",0.7028
"03/11/2008",0.7428
"03/12/2008",0.7506
"03/13/2008",0.7381
"03/14/2008",0.723
"03/17/2008",0.683
"03/18/2008",0.6802
"03/19/2008",0.6902
"03/20/2008",0.6402
"03/24/2008",0.6605
"03/25/2008",0.6713
"03/26/2008",0.6679
"03/27/2008",0.659
"03/28/2008",0.6468
"03/31/2008",0.6234
"04/01/2008",0.6345
"04/02/2008",0.6315
"04/03/2008",0.6341
"04/04/2008",0.6386
"04/07/2008",0.658
"04/08/2008",0.6494
"04/09/2008",0.6685
"04/10/2008",0.6775
"04/11/2008",0.6716
"04/14/2008",0.6702
"04/15/2008",0.6823
"04/16/2008",0.6654
"04/17/2008",0.6578
"04/18/2008",0.651
"04/21/2008",0.6385
"04/22/2008",0.6525
"04/23/2008",0.6458
"04/24/2008",0.6263
"04/25/2008",0.6194
"04/28/2008",0.6211
"04/29/2008",0.611
"04/30/2008",0.6167
"05/01/2008",0.5975
"05/02/2008",0.6006
"05/05/2008",0.5979
"05/06/2008",0.6086
"05/07/2008",0.6087
"05/08/2008",0.6135
"05/09/2008",0.6205
"05/12/2008",0.6205
"05/13/2008",0.614
"05/14/2008",0.6049
"05/15/2008",0.6049
"05/16/2008",0.6371
"05/19/2008",0.6356
"05/20/2008",0.6252
"05/21/2008",0.6273
"05/22/2008",0.6174
"05/23/2008",0.6096
"05/27/2008",0.58
"05/28/2008",0.5824
"05/29/2008",0.5924
"05/30/2008",0.5899
"06/02/2008",0.5869
"06/03/2008",0.5746
"06/04/2008",0.5757
"06/05/2008",0.579
"06/06/2008",0.5977
"06/09/2008",0.6
"06/10/2008",0.6025
"06/11/2008",0.6325
"06/12/2008",0.6364
"06/13/2008",0.6563
"06/16/2008",0.6862
"06/17/2008",0.6907
"06/18/2008",0.7017
"06/19/2008",0.7017
"06/20/2008",0.6829
"06/23/2008",0.6762
"06/24/2008",0.688
"06/25/2008",0.6951
"06/26/2008",0.7039
"06/27/2008",0.7011
"06/30/2008",0.6748
"07/01/2008",0.6521
"07/02/2008",0.6426
"07/03/2008",0.6426
"07/07/2008",0.6176
"07/08/2008",0.6281
"07/09/2008",0.6481
"07/10/2008",0.6511
"07/11/2008",0.6513
"07/14/2008",0.6364
"07/15/2008",0.6538
"07/16/2008",0.6541
"07/17/2008",0.6479
"07/18/2008",0.6485
"07/21/2008",0.6464
"07/22/2008",0.6351
"07/23/2008",0.6491
"07/24/2008",0.6579
"07/25/2008",0.6643
"07/28/2008",0.6583
"07/29/2008",0.6641
"07/30/2008",0.6615
"07/31/2008",0.664
"08/01/2008",0.6406
"08/04/2008",0.6179
"08/05/2008",0.6222
"08/06/2008",0.6271
"08/07/2008",0.6458
"08/08/2008",0.625
"08/11/2008",0.6197
"08/12/2008",0.6253
"08/13/2008",0.6407
"08/14/2008",0.6234
"08/15/2008",0.6032
"08/18/2008",0.6041
"08/19/2008",0.602
"08/20/2008",0.6085
"08/21/2008",0.6278
"08/22/2008",0.6267
"08/25/2008",0.6216
"08/26/2008",0.6252
"08/27/2008",0.637
"08/28/2008",0.6241
"08/29/2008",0.6278
"09/02/2008",0.6316
"09/03/2008",0.6244
"09/04/2008",0.6148
"09/05/2008",0.5876
"09/08/2008",0.588
"09/09/2008",0.5716
"09/10/2008",0.5718
"09/11/2008",0.5704
"09/12/2008",0.5767
"09/15/2008",0.5547
"09/16/2008",0.5407
"09/17/2008",0.5617
"09/18/2008",0.5551
"09/19/2008",0.5727
"09/22/2008",0.5914
"09/23/2008",0.5705
"09/24/2008",0.561
"09/25/2008",0.5641
"09/26/2008",0.5513
"09/29/2008",0.5213
"09/30/2008",0.52
"10/01/2008",0.5309
"10/02/2008",0.5319
"10/03/2008",0.5216
"10/06/2008",0.4916
"10/07/2008",0.4831
"10/08/2008",0.4833
"10/09/2008",0.4719
"10/10/2008",0.4544
"10/13/2008",0.4544
"10/14/2008",0.4617
"10/15/2008",0.4354
"10/16/2008",0.4557
"10/17/2008",0.4857
"10/20/2008",0.4506
"10/21/2008",0.466
"10/22/2008",0.4642
"10/23/2008",0.4508
"10/24/2008",0.4223
"10/27/2008",0.436
"10/28/2008",0.4317
"10/29/2008",0.4338
"10/30/2008",0.4159
"10/31/2008",0.4079
"11/03/2008",0.4118
"11/04/2008",0.4282
"11/05/2008",0.4081
"11/06/2008",0.3948
"11/07/2008",0.3857
"11/10/2008",0.3774
"11/11/2008",0.3774
"11/12/2008",0.3595
"11/13/2008",0.378
"11/14/2008",0.3751
"11/17/2008",0.3662
"11/18/2008",0.3784
"11/19/2008",0.3803
"11/20/2008",0.3616
"11/21/2008",0.3805
"11/24/2008",0.4105
"11/25/2008",0.4
"11/26/2008",0.428
"11/28/2008",0.4
"12/01/2008",0.4328
"12/02/2008",0.4258
"12/03/2008",0.4285
"12/04/2008",0.3985
"12/05/2008",0.3762
"12/08/2008",0.4059
"12/09/2008",0.392
"12/10/2008",0.4042
"12/11/2008",0.4121
"12/12/2008",0.4018
"12/15/2008",0.4091
"12/16/2008",0.4089
"12/17/2008",0.4296
"12/18/2008",0.4228
"12/19/2008",0.4223
"12/22/2008",0.4289
"12/23/2008",0.4302
"12/24/2008",0.4336
"12/26/2008",0.4336
"12/29/2008",0.4325
"12/30/2008",0.4497
"12/31/2008",0.4602
"01/02/2009",0.4591
"01/05/2009",0.4531
"01/06/2009",0.4728
"01/07/2009",0.4611
"01/08/2009",0.4642
"01/09/2009",0.4532
"01/12/2009",0.4267
"01/13/2009",0.4223
"01/14/2009",0.42
"01/15/2009",0.4453
"01/16/2009",0.45
"01/20/2009",0.4281
"01/21/2009",0.4323
"01/22/2009",0.4493
"01/23/2009",0.4664
"01/26/2009",0.4807
"01/27/2009",0.4735
"01/28/2009",0.4707
"01/29/2009",0.4557
"01/30/2009",0.4491
"02/02/2009",0.4521
"02/03/2009",0.4488
"02/04/2009",0.4517
"02/05/2009",0.4521
"02/06/2009",0.4536
"02/09/2009",0.4548
"02/10/2009",0.4248
"02/11/2009",0.4133
"02/12/2009",0.4053
"02/13/2009",0.3972
"02/17/2009",0.3943
"02/18/2009",0.3985
"02/19/2009",0.3966
"02/20/2009",0.3885
"02/23/2009",0.3866
"02/24/2009",0.3853
"02/25/2009",0.3831
"02/26/2009",0.3899
"02/27/2009",0.3801
"03/02/2009",0.3624
"03/03/2009",0.3647
"03/04/2009",0.3671
"03/05/2009",0.3613
"03/06/2009",0.3618
"03/09/2009",0.3593
"03/10/2009",0.3655
"03/11/2009",0.3657
"03/12/2009",0.3758
"03/13/2009",0.3808
"03/16/2009",0.383
"03/17/2009",0.381
"03/18/2009",0.381
"03/19/2009",0.3889
"03/20/2009",0.3933
"03/23/2009",0.4028
"03/24/2009",0.3956
"03/25/2009",0.3983
"03/26/2009",0.3921
"03/27/2009",0.395
"03/30/2009",0.3964
"03/31/2009",0.4222
"04/01/2009",0.4215
"04/02/2009",0.4213
"04/03/2009",0.436
"04/06/2009",0.4303
"04/07/2009",0.4308
"04/08/2009",0.4472
"04/09/2009",0.4441
"04/13/2009",0.4415
"04/14/2009",0.4312
"04/15/2009",0.4433
"04/16/2009",0.4531
"04/17/2009",0.4619
"04/20/2009",0.445
"04/21/2009",0.468
"04/22/2009",0.4629
"04/23/2009",0.4786
"04/24/2009",0.4845
"04/27/2009",0.4882
"04/28/2009",0.485
"04/29/2009",0.4909
"04/30/2009",0.501
"05/01/2009",0.5295
"05/04/2009",0.5322
"05/05/2009",0.5405
"05/06/2009",0.5417
"05/07/2009",0.5488
"05/08/2009",0.5585
"05/11/2009",0.5654
"05/12/2009",0.5632
"05/13/2009",0.5504
"05/14/2009",0.5506
"05/15/2009",0.523
"05/18/2009",0.5355
"05/19/2009",0.5222
"05/20/2009",0.5315
"05/21/2009",0.5278
"05/22/2009",0.5278
"05/26/2009",0.5131
"05/27/2009",0.5183
"05/28/2009",0.5048
"05/29/2009",0.5322
"06/01/2009",0.5404
"06/02/2009",0.549
"06/03/2009",0.5234
"06/04/2009",0.5363
"06/05/2009",0.5186
"06/08/2009",0.5242
"06/09/2009",0.5161
"06/10/2009",0.5138
"06/11/2009",0.5305
"06/12/2009",0.5285
"06/15/2009",0.4985
"06/16/2009",0.4918
"06/17/2009",0.5206
"06/18/2009",0.5206
"06/19/2009",0.49
"06/22/2009",0.4816
"06/23/2009",0.4864
"06/24/2009",0.496
"06/25/2009",0.5024
"06/26/2009",0.4964
"06/29/2009",0.4964
"06/30/2009",0.5038
"07/01/2009",0.5338
"07/02/2009",0.5375
"07/06/2009",0.5305
"07/07/2009",0.5245
"07/08/2009",0.5175
"07/09/2009",0.5386
"07/10/2009",0.5539
"07/13/2009",0.5596
"07/14/2009",0.5659
"07/15/2009",0.5639
"07/16/2009",0.5658
"07/17/2009",0.571
"07/20/2009",0.5801
"07/21/2009",0.5695
"07/22/2009",0.5401
"07/23/2009",0.545
"07/24/2009",0.5239
"07/27/2009",0.5256
"07/28/2009",0.5256
"07/29/2009",0.5231
"07/30/2009",0.5333
"07/31/2009",0.5318
"08/03/2009",0.5616
"08/04/2009",0.5615
"08/05/2009",0.5589
"08/06/2009",0.5448
"08/07/2009",0.5603
"08/10/2009",0.5745
"08/11/2009",0.5745
"08/12/2009",0.5774
"08/13/2009",0.5771
"08/14/2009",0.5471
"08/17/2009",0.5278
"08/18/2009",0.5221
"08/19/2009",0.5236
"08/20/2009",0.5212
"08/21/2009",0.5195
"08/24/2009",0.5242
"08/25/2009",0.5147
"08/26/2009",0.5087
"08/27/2009",0.5104
"08/28/2009",0.523
"08/31/2009",0.5376
"09/01/2009",0.5237
"09/02/2009",0.5289
"09/03/2009",0.5315
"09/04/2009",0.5353
"09/08/2009",0.5478
"09/09/2009",0.5478
"09/10/2009",0.5499
"09/11/2009",0.5531
"09/14/2009",0.5646
"09/15/2009",0.5767
"09/16/2009",0.5862
"09/17/2009",0.5993
"09/18/2009",0.6035
"09/21/2009",0.5835
"09/22/2009",0.5988
"09/23/2009",0.5988
"09/24/2009",0.6056
"09/25/2009",0.5769
"09/28/2009",0.5865
"09/29/2009",0.572
"09/30/2009",0.5859
"10/01/2009",0.5709
"10/02/2009",0.5641
"10/05/2009",0.5734
"10/06/2009",0.5873
"10/07/2009",0.5825
"10/08/2009",0.594
"10/09/2009",0.5877
"10/12/2009",0.5877
"10/13/2009",0.6163
"10/14/2009",0.6283
"10/15/2009",0.6339
"10/16/2009",0.6396
"10/19/2009",0.6222
"10/20/2009",0.6222
"10/21/2009",0.6438
"10/22/2009",0.6455
"10/23/2009",0.6388
"10/26/2009",0.6388
"10/27/2009",0.6355
"10/28/2009",0.6338
"10/29/2009",0.6407
"10/30/2009",0.6414
"11/02/2009",0.6414
"11/03/2009",0.6395
"11/04/2009",0.6461
"11/05/2009",0.6391
"11/06/2009",0.6304
"11/09/2009",0.6411
"11/10/2009",0.6555
"11/11/2009",0.6555
"11/12/2009",0.6292
"11/13/2009",0.641
"11/16/2009",0.6767
"11/17/2009",0.6767
"11/18/2009",0.6755
"11/19/2009",0.6772
"11/20/2009",0.6879
"11/23/2009",0.6923
"11/24/2009",0.7027
"11/25/2009",0.6997
"11/27/2009",0.6997
"11/30/2009",0.6968
"12/01/2009",0.6848
"12/02/2009",0.6882
"12/03/2009",0.6949
"12/04/2009",0.6907
"12/07/2009",0.6994
"12/08/2009",0.6946
"12/09/2009",0.6967
"12/10/2009",0.6897
"12/11/2009",0.6956
"12/14/2009",0.7102
"12/15/2009",0.7013
"12/16/2009",0.715
"12/17/2009",0.7099
"12/18/2009",0.7053
"12/21/2009",0.7021
"12/22/2009",0.6905
"12/23/2009",0.6915
"12/24/2009",0.6809
"12/28/2009",0.7132
"12/29/2009",0.7057
"12/30/2009",0.7093
"12/31/2009",0.7093
"01/04/2010",0.72
"01/05/2010",0.72
"01/06/2010",0.6955
"01/07/2010",0.6889
"01/08/2010",0.6844
"01/11/2010",0.7024
"01/12/2010",0.6879
"01/13/2010",0.6943
"01/14/2010",0.6891
"01/15/2010",0.6808
"01/19/2010",0.6764
"01/20/2010",0.668
"01/21/2010",0.6785
"01/22/2010",0.6707
"01/25/2010",0.6596
"01/26/2010",0.6582
"01/27/2010",0.6523
"01/28/2010",0.6523
"01/29/2010",0.6514
"02/01/2010",0.6422
"02/02/2010",0.6526
"02/03/2010",0.6582
"02/04/2010",0.6499
"02/05/2010",0.6287
"02/08/2010",0.6287
"02/09/2010",0.6287
"02/10/2010",0.6882
"02/11/2010",0.6892
"02/12/2010",0.7041
"02/16/2010",0.7176
"02/17/2010",0.7161
"02/18/2010",0.7363
"02/19/2010",0.7448
"02/22/2010",0.752
"02/23/2010",0.7527
"02/24/2010",0.7491
"02/25/2010",0.7692
"02/26/2010",0.7821
"03/01/2010",0.7904
"03/02/2010",0.776
"03/03/2010",0.7872
"03/04/2010",0.7757
"03/05/2010",0.7818
"03/08/2010",0.7754
"03/09/2010",0.7583
"03/10/2010",0.7571
"03/11/2010",0.7427
"03/12/2010",0.7597
"03/15/2010",0.7626
"03/16/2010",0.7734
"03/17/2010",0.7667
"03/18/2010",0.7771
"03/19/2010",0.7768
"03/22/2010",0.7799
"03/23/2010",0.7839
"03/24/2010",0.7691
"03/25/2010",0.7568
"03/26/2010",0.7519
"03/29/2010",0.7593
"03/30/2010",0.7504
"03/31/2010",0.7605
"04/01/2010",0.7675
"04/05/2010",0.7753
"04/06/2010",0.7754
"04/07/2010",0.7623
"04/08/2010",0.7385
"04/09/2010",0.7332
"04/12/2010",0.7338
"04/13/2010",0.7528
"04/14/2010",0.7475
"04/15/2010",0.7575
"04/16/2010",0.7526
"04/19/2010",0.756
"04/20/2010",0.786
"04/21/2010",0.7915
"04/22/2010",0.7882
"04/23/2010",0.802
"04/26/2010",0.7989
"04/27/2010",0.792
"04/28/2010",0.789
"04/29/2010",0.773
"04/30/2010",0.7813
"05/03/2010",0.7723
"05/04/2010",0.7529
"05/05/2010",0.7608
"05/06/2010",0.7385
"05/07/2010",0.7471
"05/10/2010",0.7504
"05/11/2010",0.7453
"05/12/2010",0.7437
"05/13/2010",0.7476
"05/14/2010",0.7476
"05/17/2010",0.757
"05/18/2010",0.767
"05/19/2010",0.7778
"05/20/2010",0.7659
"05/21/2010",0.7747
"05/24/2010",0.7675
"05/25/2010",0.7657
"05/26/2010",0.7684
"05/27/2010",0.7653
"05/28/2010",0.753
"06/01/2010",0.7432
"06/02/2010",0.7365
"06/03/2010",0.7371
"06/04/2010",0.7281
"06/07/2010",0.7297
"06/08/2010",0.7407
"06/09/2010",0.7707
"06/10/2010",0.7826
"06/11/2010",0.7729
"06/14/2010",0.7831
"06/15/2010",0.7797
"06/16/2010",0.7777
"06/17/2010",0.7766
"06/18/2010",0.7706
"06/21/2010",0.7741
"06/22/2010",0.7789
"06/23/2010",0.7806
"06/24/2010",0.7851
"06/25/2010",0.7871
"06/28/2010",0.7816
"06/29/2010",0.778
"06/30/2010",0.7731
"07/01/2010",0.776
"07/02/2010",0.7633
"07/06/2010",0.7633
"07/07/2010",0.7646
"07/08/2010",0.7629
"07/09/2010",0.7715
"07/12/2010",0.7616
"07/13/2010",0.7714
"07/14/2010",0.765
"07/15/2010",0.7777
"07/16/2010",0.7921
"07/19/2010",0.7802
"07/20/2010",0.7703
"07/21/2010",0.7802
"07/22/2010",0.7882
"07/23/2010",0.7957
"07/26/2010",0.8047
"07/27/2010",0.807
"07/28/2010",0.7982
"07/29/2010",0.7993
"07/30/2010",0.8161
"08/02/2010",0.831
"08/03/2010",0.8376
"08/04/2010",0.8325
"08/05/2010",0.8345
"08/06/2010",0.8365
"08/09/2010",0.8342
"08/10/2010",0.8363
"08/11/2010",0.8347
"08/12/2010",0.86
"08/13/2010",0.8674
"08/16/2010",0.8668
"08/17/2010",0.8698
"08/18/2010",0.8667
"08/19/2010",0.8723
"08/20/2010",0.864
"08/23/2010",0.869
"08/24/2010",0.8767
"08/25/2010",0.874
"08/26/2010",0.8849
"08/27/2010",0.8828
"08/30/2010",0.8862
"08/31/2010",0.8833
"09/01/2010",0.8938
"09/02/2010",0.9012
"09/03/2010",0.902
"09/07/2010",0.9057
"09/08/2010",0.8982
"09/09/2010",0.8962
"09/10/2010",0.9012
"09/13/2010",0.9105
"09/14/2010",0.9304
"09/15/2010",0.9206
"09/16/2010",0.9418
"09/17/2010",0.9418
"09/20/2010",0.9637
"09/21/2010",0.9729
"09/22/2010",0.9612
"09/23/2010",0.9367
"09/24/2010",0.9643
"09/27/2010",1.0043
"09/28/2010",1.0174
"09/29/2010",0.9774
"09/30/2010",0.9842
"10/01/2010",0.9452
"10/04/2010",0.9433
"10/05/2010",0.9506
"10/06/2010",0.9625
"10/07/2010",1.0025
"10/08/2010",1.0417
"10/11/2010",1.075
"10/12/2010",1.0683
"10/13/2010",1.0812
"10/14/2010",1.1212
"10/15/2010",1.0712
"10/18/2010",1.1062
"10/19/2010",1.0751
"10/20/2010",1.1176
"10/21/2010",1.1346
"10/22/2010",1.1771
"10/25/2010",1.2271
"10/26/2010",1.2759
"10/27/2010",1.2159
"10/28/2010",1.1968
"10/29/2010",1.1968
"11/01/2010",1.2726
"11/02/2010",1.3251
"11/03/2010",1.3377
"11/04/2010",1.387
"11/05/2010",1.4048
"11/08/2010",1.4448
"11/09/2010",1.4948
"11/10/2010",1.439
"11/11/2010",1.439
"11/12/2010",1.3843
"11/15/2010",1.36
"11/16/2010",1.262
"11/17/2010",1.209
"11/18/2010",1.259
"11/19/2010",1.1965
"11/22/2010",1.1429
"11/23/2010",1.0829
"11/24/2010",1.1309
"11/26/2010",1.0826
"11/29/2010",1.1226
"11/30/2010",1.1384
"12/01/2010",1.1784
"12/02/2010",1.2284
"12/03/2010",1.2884
"12/06/2010",1.2693
"12/07/2010",1.2687
"12/08/2010",1.2845
"12/09/2010",1.3245
"12/10/2010",1.3347
"12/13/2010",1.3747
"12/14/2010",1.4099
"12/15/2010",1.3864
"12/16/2010",1.4262
"12/17/2010",1.4662
"12/20/2010",1.5062
"12/21/2010",1.5562
"12/22/2010",1.5012
"12/23/2010",1.5012
"12/27/2010",1.4126
"12/28/2010",1.3885
"12/29/2010",1.3393
"12/30/2010",1.3634
"12/31/2010",1.3634
"01/03/2011",1.357
"01/04/2011",1.3728
"01/05/2011",1.387
"01/06/2011",1.3472
"01/07/2011",1.341
"01/10/2011",1.3675
"01/11/2011",1.4075
"01/12/2011",1.4147
"01/13/2011",1.3756
"01/14/2011",1.5044
"01/18/2011",1.3894
"01/19/2011",1.4244
"01/20/2011",1.4644
"01/21/2011",1.5044
"01/24/2011",1.5544
"01/25/2011",1.5533
"01/26/2011",1.6033
"01/27/2011",1.6289
"01/28/2011",1.5825
"01/31/2011",1.6194
"02/01/2011",1.6572
"02/02/2011",1.6972
"02/03/2011",1.6536
"02/04/2011",1.6136
"02/07/2011",1.6801
"02/08/2011",1.6879
"02/09/2011",1.7408
"02/10/2011",1.7408
"02/11/2011",1.8347
"02/14/2011",1.7956
"02/15/2011",1.8443
"02/16/2011",1.9143
"02/17/2011",1.9843
"02/18/2011",1.9143
"02/22/2011",1.8443
"02/23/2011",1.8073
"02/24/2011",1.7373
"02/25/2011",1.8073
"02/28/2011",1.8773
"03/01/2011",1.901
"03/02/2011",1.971
"03/03/2011",2.02
"03/04/2011",2.092
"03/07/2011",2.1064
"03/08/2011",2.0364
"03/09/2011",1.9991
"03/10/2011",1.9598
"03/11/2011",1.9994
"03/14/2011",1.9294
"03/15/2011",1.8594
"03/16/2011",1.8012
"03/17/2011",1.8712
"03/18/2011",1.9412
"03/21/2011",1.9396
"03/22/2011",2.0096
"03/23/2011",1.9687
"03/24/2011",2.0382
"03/25/2011",1.9949
"03/28/2011",1.9249
"03/29/2011",1.8988
"03/30/2011",1.8988
"03/31/2011",1.9573
"04/01/2011",1.9105
"04/04/2011",1.9105
"04/05/2011",1.9656
"04/06/2011",2.0356
"04/07/2011",2.0372
"04/08/2011",1.9847
"04/11/2011",2.0008
"04/12/2011",1.9523
"04/13/2011",1.9285
"04/14/2011",1.9154
"04/15/2011",1.814
"04/18/2011",1.8216
"04/19/2011",1.7516
"04/20/2011",1.7106
"04/21/2011",1.7151
"04/25/2011",1.7039
"04/26/2011",1.6439
"04/27/2011",1.5739
"04/28/2011",1.5602
"04/29/2011",1.6202
"05/02/2011",1.5845
"05/03/2011",1.6151
"05/04/2011",1.5551
"05/05/2011",1.4586
"05/06/2011",1.4456
"05/09/2011",1.444
"05/10/2011",1.504
"05/11/2011",1.493
"05/12/2011",1.433
"05/13/2011",1.4415
"05/16/2011",1.5015
"05/17/2011",1.5504
"05/18/2011",1.5986
"05/19/2011",1.5565
"05/20/2011",1.5561
"05/23/2011",1.5389
"05/24/2011",1.5388
"05/25/2011",1.5603
"05/26/2011",1.5103
"05/27/2011",1.5267
"05/31/2011",1.5867
"06/01/2011",1.6097
"06/02/2011",1.6424
"06/03/2011",1.6163
"06/06/2011",1.5563
"06/07/2011",1.4863
"06/08/2011",1.4505
"06/09/2011",1.5105
"06/10/2011",1.5003
"06/13/2011",1.5095
"06/14/2011",1.5554
"06/15/2011",1.5196
"06/16/2011",1.4596
"06/17/2011",1.3711
"06/20/2011",1.3679
"06/21/2011",1.3783
"06/22/2011",1.3572
"06/23/2011",1.325
"06/24/2011",1.3542
"06/27/2011",1.3644
"06/28/2011",1.3651
"06/29/2011",1.3574
"06/30/2011",1.3219
"07/01/2011",1.3031
"07/05/2011",1.2745
"07/06/2011",1.2548
"07/07/2011",1.247
"07/08/2011",1.2508
"07/11/2011",1.1958
"07/12/2011",1.1459
"07/13/2011",1.1835
"07/14/2011",1.1435
"07/15/2011",1.0946
"07/18/2011",1.0395
"07/19/2011",1.0795
"07/20/2011",1.0729
"07/21/2011",1.0533
"07/22/2011",1.0514
"07/25/2011",1.0309
"07/26/2011",1.0709
"07/27/2011",1.0685
"07/28/2011",1.0581
"07/29/2011",1.0508
"08/01/2011",1.0859
"08/02/2011",1.1017
"08/03/2011",1.0542
"08/04/2011",1.0601
"08/05/2011",1.0248
"08/08/2011",1.0001
"08/09/2011",0.9826
"08/10/2011",1.0016
"08/11/2011",0.9679
"08/12/2011",0.9972
"08/15/2011",1.0403
"08/16/2011",1.0362
"08/17/2011",1.0743
"08/18/2011",1.0605
"08/19/2011",1.0526
"08/22/2011",1.0511
"08/23/2011",1.0364
"08/24/2011",1.0262
"08/25/2011",1.0059
"08/26/2011",1.0192
"08/29/2011",1.0277
"08/30/2011",1.0291
"08/31/2011",1.0388
"09/01/2011",1.0408
"09/02/2011",1.0459
"09/06/2011",1.0424
"09/07/2011",1.0824
"09/08/2011",1.0945
"09/09/2011",1.073
"09/12/2011",1.0772
"09/13/2011",1.0856
"09/14/2011",1.1039
"09/15/2011",1.0762
"09/16/2011",1.0608
"09/19/2011",1.0052
"09/20/2011",1.0041
"09/21/2011",0.9783
"09/22/2011",0.9429
"09/23/2011",0.9624
"09/26/2011",0.9464
"09/27/2011",0.9515
"09/28/2011",0.9453
"09/29/2011",0.9722
"09/30/2011",0.9519
"10/03/2011",0.9421
"10/04/2011",0.9421
"10/05/2011",0.973
"10/06/2011",0.9873
"10/07/2011",0.9848
"10/10/2011",0.9848
"10/11/2011",0.9997
"10/12/2011",0.9701
"10/13/2011",0.9856
"10/14/2011",0.9919
"10/17/2011",0.9761
"10/18/2011",0.9818
"10/19/2011",0.9797
"10/20/2011",0.9511
"10/21/2011",0.956
"10/24/2011",0.9694
"10/25/2011",0.9868
"10/26/2011",0.9932
"10/27/2011",1.0332
"10/28/2011",1.0337
"10/31/2011",1.0129
"11/01/2011",0.9854
"11/02/2011",0.9734
"11/03/2011",0.9712
"11/04/2011",0.9774
"11/07/2011",0.9576
"11/08/2011",0.9662
"11/09/2011",0.9593
"11/10/2011",0.9825
"11/11/2011",0.9825
"11/14/2011",0.9929
"11/15/2011",1.0016
"11/16/2011",0.9848
"11/17/2011",0.9448
"11/18/2011",0.9127
"11/21/2011",0.8841
"11/22/2011",0.8912
"11/23/2011",0.8891
"11/25/2011",0.8887
"11/28/2011",0.8935
"11/29/2011",0.9075
"11/30/2011",0.8891
"12/01/2011",0.893
"12/02/2011",0.8984
"12/05/2011",0.9022
"12/06/2011",0.9181
"12/07/2011",0.9031
"12/08/2011",0.8955
"12/09/2011",0.8793
"12/12/2011",0.8466
"12/13/2011",0.8481
"12/14/2011",0.8237
"12/15/2011",0.8354
"12/16/2011",0.8354
"12/19/2011",0.8434
"12/20/2011",0.8355
"12/21/2011",0.8359
"12/22/2011",0.8399
"12/23/2011",0.8399
"12/27/2011",0.8399
"12/28/2011",0.8743
"12/29/2011",0.8838
"12/30/2011",0.8855
"01/03/2012",0.923
"01/04/2012",0.923
"01/05/2012",0.9124
"01/06/2012",0.9211
"01/09/2012",0.9219
"01/10/2012",0.9271
"01/11/2012",0.9237
"01/12/2012",0.9119
"01/13/2012",0.9047
"01/17/2012",0.9319
"01/18/2012",0.9253
"01/19/2012",0.9267
"01/20/2012",0.926
"01/23/2012",0.9337
"01/24/2012",0.9218
"01/25/2012",0.9042
"01/26/2012",0.8909
"01/27/2012",0.8911
"01/30/2012",0.8765
"01/31/2012",0.8675
"02/01/2012",0.8689
"02/02/2012",0.8771
"02/03/2012",0.9009
"02/06/2012",0.9006
"02/07/2012",0.8832
"02/08/2012",0.8737
"02/09/2012",0.8413
"02/10/2012",0.8436
"02/13/2012",0.8527
"02/14/2012",0.86
"02/15/2012",0.8675
"02/16/2012",0.8771
"02/17/2012",0.8665
"02/21/2012",0.8697
"02/22/2012",0.8453
"02/23/2012",0.8323
"02/24/2012",0.8415
"02/27/2012",0.8467
"02/28/2012",0.8624
"02/29/2012",0.8624
"03/01/2012",0.8367
"03/02/2012",0.8223
"03/05/2012",0.8623
"03/06/2012",0.8542
"03/07/2012",0.8412
"03/08/2012",0.8356
"03/09/2012",0.828
"03/12/2012",0.82
"03/13/2012",0.8204
"03/14/2012",0.8114
"03/15/2012",0.8134
"03/16/2012",0.8148
"03/19/2012",0.8308
"03/20/2012",0.819
"03/21/2012",0.8231
"03/22/2012",0.8408
"03/23/2012",0.8413
"03/26/2012",0.8541
"03/27/2012",0.8709
"03/28/2012",0.8853
"03/29/2012",0.8804
"03/30/2012",0.8802
"04/02/2012",0.8762
"04/03/2012",0.8714
"04/04/2012",0.8382
"04/05/2012",0.8304
"04/09/2012",0.8398
"04/10/2012",0.8423
"04/11/2012",0.8588
"04/12/2012",0.875
"04/13/2012",0.8658
"04/16/2012",0.8258
"04/17/2012",0.8393
"04/18/2012",0.8643
"04/19/2012",0.8603
"04/20/2012",0.8454
"04/23/2012",0.8498
"04/24/2012",0.8396
"04/25/2012",0.833
"04/26/2012",0.8461
"04/27/2012",0.8373
"04/30/2012",0.819
"05/01/2012",0.8218
"05/02/2012",0.8201
"05/03/2012",0.8271
"05/04/2012",0.8149
"05/07/2012",0.8017
"05/08/2012",0.7968
"05/09/2012",0.7932
"05/10/2012",0.7532
"05/11/2012",0.7247
"05/14/2012",0.7232
"05/15/2012",0.7266
"05/16/2012",0.7047
"05/17/2012",0.7015
"05/18/2012",0.7149
"05/21/2012",0.7202
"05/22/2012",0.7002
"05/23/2012",0.6751
"05/24/2012",0.6994
"05/25/2012",0.6962
"05/29/2012",0.688
"05/30/2012",0.6691
"05/31/2012",0.6755
"06/01/2012",0.6459
"06/04/2012",0.6459
"06/05/2012",0.6289
"06/06/2012",0.6589
"06/07/2012",0.6989
"06/08/2012",0.689
"06/11/2012",0.7109
"06/12/2012",0.7157
"06/13/2012",0.7109
"06/14/2012",0.7409
"06/15/2012",0.7598
"06/18/2012",0.7337
"06/19/2012",0.7555
"06/20/2012",0.7324
"06/21/2012",0.6875
"06/22/2012",0.708
"06/25/2012",0.7201
"06/26/2012",0.6785
"06/27/2012",0.6731
"06/28/2012",0.6801
"06/29/2012",0.6982
"07/02/2012",0.7055
"07/03/2012",0.7115
"07/05/2012",0.6827
"07/06/2012",0.6728
"07/09/2012",0.6712
"07/10/2012",0.6682
"07/11/2012",0.6739
"07/12/2012",0.6611
"07/13/2012",0.6851
"07/16/2012",0.6905
"07/17/2012",0.6686
"07/18/2012",0.6785
"07/19/2012",0.6854
"07/20/2012",0.6881
"07/23/2012",0.681
"07/24/2012",0.6704
"07/25/2012",0.6585
"07/26/2012",0.6743
"07/27/2012",0.6748
"07/30/2012",0.6737
"07/31/2012",0.6733
"08/01/2012",0.6681
"08/02/2012",0.6719
"08/03/2012",0.6997
"08/06/2012",0.7187
"08/07/2012",0.7171
"08/08/2012",0.7225
"08/09/2012",0.7234
"08/10/2012",0.6965
"08/13/2012",0.6805
"08/14/2012",0.6834
"08/15/2012",0.6946
"08/16/2012",0.6912
"08/17/2012",0.6941
"08/20/2012",0.7092
"08/21/2012",0.732
"08/22/2012",0.7332
"08/23/2012",0.7315
"08/24/2012",0.717
"08/27/2012",0.7258
"08/28/2012",0.7204
"08/29/2012",0.7308
"08/30/2012",0.734
"08/31/2012",0.7373
"09/04/2012",0.7228
"09/05/2012",0.7214
"09/06/2012",0.7284
"09/07/2012",0.7297
"09/10/2012",0.7223
"09/11/2012",0.7153
"09/12/2012",0.7008
"09/13/2012",0.702
"09/14/2012",0.7264
"09/17/2012",0.7108
"09/18/2012",0.7177
"09/19/2012",0.7216
"09/20/2012",0.7097
"09/21/2012",0.69
"09/24/2012",0.6825
"09/25/2012",0.6808
"09/26/2012",0.6677
"09/27/2012",0.6728
"09/28/2012",0.664
"10/01/2012",0.6695
"10/02/2012",0.676
"10/03/2012",0.6791
"10/04/2012",0.6784
"10/05/2012",0.6724
"10/08/2012",0.6724
"10/09/2012",0.6759
"10/10/2012",0.6785
"10/11/2012",0.6646
"10/12/2012",0.6711
"10/15/2012",0.6834
"10/16/2012",0.7111
"10/17/2012",0.7411
"10/18/2012",0.7397
"10/19/2012",0.7313
"10/22/2012",0.7318
"10/23/2012",0.7052
"10/24/2012",0.6892
"10/25/2012",0.6898
"10/26/2012",0.6867
"10/29/2012",0.6867
"10/30/2012",0.6717
"10/31/2012",0.6632
"11/01/2012",0.6646
"11/02/2012",0.666
"11/05/2012",0.6665
"11/06/2012",0.669
"11/07/2012",0.6633
"11/08/2012",0.6576
"11/09/2012",0.6608
"11/12/2012",0.6608
"11/13/2012",0.6781
"11/14/2012",0.6863
"11/15/2012",0.7096
"11/16/2012",0.6973
"11/19/2012",0.6906
"11/20/2012",0.6949
"11/21/2012",0.6966
"11/23/2012",0.6843
"11/26/2012",0.6962
"11/27/2012",0.6952
"11/28/2012",0.6963
"11/29/2012",0.7035
"11/30/2012",0.7091
"12/03/2012",0.7098
"12/04/2012",0.6991
"12/05/2012",0.7004
"12/06/2012",0.7055
"12/07/2012",0.7054
"12/10/2012",0.7015
"12/11/2012",0.7165
"12/12/2012",0.7187
"12/13/2012",0.7131
"12/14/2012",0.7184
"12/17/2012",0.726
"12/18/2012",0.727
"12/19/2012",0.7264
"12/20/2012",0.726
"12/21/2012",0.7293
"12/24/2012",0.7293
"12/26/2012",0.7381
"12/27/2012",0.7276
"12/28/2012",0.7141
"12/31/2012",0.7189
"01/02/2013",0.7211
"01/03/2013",0.7214
"01/04/2013",0.718
"01/07/2013",0.7246
"01/08/2013",0.7187
"01/09/2013",0.7154
"01/10/2013",0.7195
"01/11/2013",0.7237
"01/14/2013",0.7227
"01/15/2013",0.7296
"01/16/2013",0.7408
"01/17/2013",0.7453
"01/18/2013",0.7505
"01/22/2013",0.7593
"01/23/2013",0.7648
"01/24/2013",0.7889
"01/25/2013",0.7652
"01/28/2013",0.7705
"01/29/2013",0.7839
"01/30/2013",0.7896
"01/31/2013",0.787
"02/01/2013",0.7873
"02/04/2013",0.7749
"02/05/2013",0.7726
"02/06/2013",0.7747
"02/07/2013",0.7715
"02/08/2013",0.7842
"02/11/2013",0.7867
"02/12/2013",0.7756
"02/13/2013",0.7657
"02/14/2013",0.7779
"02/15/2013",0.7819
"02/19/2013",0.7913
"02/20/2013",0.7946
"02/21/2013",0.7823
"02/22/2013",0.7823
"02/25/2013",0.7672
"02/26/2013",0.7683
"02/27/2013",0.7938
"02/28/2013",0.8079
"03/01/2013",0.809
"03/04/2013",0.8176
"03/05/2013",0.8248
"03/06/2013",0.8324
"03/07/2013",0.8275
"03/08/2013",0.8313
"03/11/2013",0.8297
"03/12/2013",0.8358
"03/13/2013",0.8511
"03/14/2013",0.8736
"03/15/2013",0.89
"03/18/2013",0.8733
"03/19/2013",0.8963
"03/20/2013",0.856
"03/21/2013",0.847
"03/22/2013",0.8379
"03/25/2013",0.8309
"03/26/2013",0.8454
"03/27/2013",0.8503
"03/28/2013",0.8496
"04/01/2013",0.8389
"04/02/2013",0.8537
"04/03/2013",0.8572
"04/04/2013",0.8483
"04/05/2013",0.8329
"04/08/2013",0.8188
"04/09/2013",0.8139
"04/10/2013",0.8212
"04/11/2013",0.8166
"04/12/2013",0.8258
"04/15/2013",0.8133
"04/16/2013",0.8035
"04/17/2013",0.8265
"04/18/2013",0.8148
"04/19/2013",0.8136
"04/22/2013",0.8215
"04/23/2013",0.8135
"04/24/2013",0.792
"04/25/2013",0.7948
"04/26/2013",0.805
"04/29/2013",0.8199
"04/30/2013",0.8422
"05/01/2013",0.8062
"05/02/2013",0.8062
"05/03/2013",0.8343
"05/06/2013",0.8439
"05/07/2013",0.8415
"05/08/2013",0.8468
"05/09/2013",0.8492
"05/10/2013",0.8348
"05/13/2013",0.8304
"05/14/2013",0.8392
"05/15/2013",0.8345
"05/16/2013",0.8303
"05/17/2013",0.8341
"05/20/2013",0.8328
"05/21/2013",0.8136
"05/22/2013",0.8092
"05/23/2013",0.7928
"05/24/2013",0.7899
"05/28/2013",0.7892
"05/29/2013",0.7845
"05/30/2013",0.7845
"05/31/2013",0.7711
"06/03/2013",0.8011
"06/04/2013",0.8231
"06/05/2013",0.8127
"06/06/2013",0.8312
"06/07/2013",0.8311
"06/10/2013",0.849
"06/11/2013",0.8631
"06/12/2013",0.8781
"06/13/2013",0.8947
"06/14/2013",0.8904
"06/17/2013",0.8604
"06/18/2013",0.8438
"06/19/2013",0.8414
"06/20/2013",0.8292
"06/21/2013",0.8268
"06/24/2013",0.8102
"06/25/2013",0.8295
"06/26/2013",0.8229
"06/27/2013",0.8313
"06/28/2013",0.8261
"07/01/2013",0.8392
"07/02/2013",0.8322
"07/03/2013",0.8414
"07/05/2013",0.8343
"07/08/2013",0.8337
"07/09/2013",0.8368
"07/10/2013",0.843
"07/11/2013",0.8218
"07/12/2013",0.8213
"07/15/2013",0.8235
"07/16/2013",0.8167
"07/17/2013",0.8107
"07/18/2013",0.8199
"07/19/2013",0.8352
"07/22/2013",0.8364
"07/23/2013",0.8326
"07/24/2013",0.8341
"07/25/2013",0.8344
"07/26/2013",0.8262
"07/29/2013",0.821
"07/30/2013",0.8273
"07/31/2013",0.8288
"08/01/2013",0.8313
"08/02/2013",0.8257
"08/05/2013",0.8265
"08/06/2013",0.8307
"08/07/2013",0.8578
"08/08/2013",0.8663
"08/09/2013",0.863
"08/12/2013",0.8731
"08/13/2013",0.8884
"08/14/2013",0.887
"08/15/2013",0.8889
"08/16/2013",0.9065
"08/19/2013",0.9001
"08/20/2013",0.8601
"08/21/2013",0.8116
"08/22/2013",0.8116
"08/23/2013",0.8149
"08/26/2013",0.8149
"08/27/2013",0.8225
"08/28/2013",0.8176
"08/29/2013",0.8135
"08/30/2013",0.8135
"09/03/2013",0.8057
"09/04/2013",0.8058
"09/05/2013",0.8015
"09/06/2013",0.8099
"09/09/2013",0.8146
"09/10/2013",0.826
"09/11/2013",0.8255
"09/12/2013",0.8363
"09/13/2013",0.8296
"09/16/2013",0.8275
"09/17/2013",0.8219
"09/18/2013",0.8329
"09/19/2013",0.8247
"09/20/2013",0.8227
"09/23/2013",0.8202
"09/24/2013",0.8213
"09/25/2013",0.824
"09/26/2013",0.8322
"09/27/2013",0.8438
"09/30/2013",0.8496
"10/01/2013",0.8496
"10/02/2013",0.8496
"10/03/2013",0.8496
"10/04/2013",0.8496
"10/07/2013",0.8496
"10/08/2013",0.8496
"10/09/2013",0.8496
"10/10/2013",0.8496
"10/11/2013",0.8496
"10/14/2013",0.8496
"10/15/2013",0.8496
"10/16/2013",0.8496
"10/17/2013",0.8496
"10/18/2013",0.8086
"10/21/2013",0.8081
"10/22/2013",0.802
"10/23/2013",0.7844
"10/24/2013",0.7696
"10/25/2013",0.7708
"10/28/2013",0.7665
"10/29/2013",0.7634
"10/30/2013",0.7584
"10/31/2013",0.7518
"11/01/2013",0.7458
"11/04/2013",0.7395
"11/05/2013",0.7394
"11/06/2013",0.7507
"11/07/2013",0.7476
"11/08/2013",0.7488
"11/11/2013",0.7488
"11/12/2013",0.7488
"11/13/2013",0.7597
"11/14/2013",0.7452
"11/15/2013",0.752
"11/18/2013",0.7469
"11/19/2013",0.7481
"11/20/2013",0.7539
"11/21/2013",0.756
"11/22/2013",0.7448
"11/25/2013",0.7571
"11/26/2013",0.7639
"11/27/2013",0.7569
"11/29/2013",0.766
"12/02/2013",0.7587
"12/03/2013",0.7586
"12/04/2013",0.7655
"12/05/2013",0.7685
"12/06/2013",0.7866
"12/09/2013",0.7861
"12/10/2013",0.7894
"12/11/2013",0.8074
"12/12/2013",0.8131
"12/13/2013",0.8122
"12/16/2013",0.8138
"12/17/2013",0.8095
"12/18/2013",0.81
"12/19/2013",0.8133
"12/20/2013",0.8115
"12/23/2013",0.8024
"12/24/2013",0.8118
"12/26/2013",0.8089
"12/27/2013",0.8212
"12/30/2013",0.8266
"12/31/2013",0.8264
"01/02/2014",0.8154
"01/03/2014",0.8044
"01/06/2014",0.8113
"01/07/2014",0.8217
"01/08/2014",0.8064
"01/09/2014",0.8031
"01/10/2014",0.8009
"01/13/2014",0.8118
"01/14/2014",0.8123
"01/15/2014",0.8229
"01/16/2014",0.8369
"01/17/2014",0.848
"01/21/2014",0.8613
"01/22/2014",0.8584
"01/23/2014",0.8533
"01/24/2014",0.8521
"01/27/2014",0.8225
"01/28/2014",0.8235
"01/29/2014",0.8355
"01/30/2014",0.8403
"01/31/2014",0.8383
"02/03/2014",0.8301
"02/04/2014",0.834
"02/05/2014",0.8352
"02/06/2014",0.8431
"02/07/2014",0.8572
"02/10/2014",0.8562
"02/11/2014",0.8692
"02/12/2014",0.8662
"02/13/2014",0.8585
"02/14/2014",0.8579
"02/18/2014",0.8623
"02/19/2014",0.8466
"02/20/2014",0.844
"02/21/2014",0.851
"02/24/2014",0.8605
"02/25/2014",0.841
"02/26/2014",0.8312
"02/27/2014",0.8456
"02/28/2014",0.8389
"03/03/2014",0.8508
"03/04/2014",0.8597
"03/05/2014",0.8536
"03/06/2014",0.8836
"03/07/2014",0.8802
"03/10/2014",0.8831
"03/11/2014",0.884
"03/12/2014",0.8895
"03/13/2014",0.8843
"03/14/2014",0.8894
"03/17/2014",0.8878
"03/18/2014",0.8968
"03/19/2014",0.8937
"03/20/2014",0.8893
"03/21/2014",0.8981
"03/24/2014",0.8713
"03/25/2014",0.9061
"03/26/2014",0.8816
"03/27/2014",0.8906
"03/28/2014",0.8974
"03/31/2014",0.8952
"04/01/2014",0.8807
"04/02/2014",0.8751
"04/03/2014",0.8698
"04/04/2014",0.884
"04/07/2014",0.8662
"04/08/2014",0.8779
"04/09/2014",0.8644
"04/10/2014",0.8502
"04/11/2014",0.8502
"04/14/2014",0.8691
"04/15/2014",0.8592
"04/16/2014",0.8679
"04/17/2014",0.8734
"04/21/2014",0.8721
"04/22/2014",0.8825
"04/23/2014",0.8764
"04/24/2014",0.882
"04/25/2014",0.8825
"04/28/2014",0.8723
"04/29/2014",0.8906
"04/30/2014",0.8929
"05/01/2014",0.892
"05/02/2014",0.8932
"05/05/2014",0.8975
"05/06/2014",0.8898
"05/07/2014",0.8755
"05/08/2014",0.8805
"05/09/2014",0.8736
"05/12/2014",0.863
"05/13/2014",0.8593
"05/14/2014",0.857
"05/15/2014",0.8536
"05/16/2014",0.8482
"05/19/2014",0.8415
"05/20/2014",0.84
"05/21/2014",0.8429
"05/22/2014",0.8328
"05/23/2014",0.8181
"05/26/2014",0.8631
"05/27/2014",0.8072
"05/28/2014",0.8062
"05/29/2014",0.819
"05/30/2014",0.8202
"06/02/2014",0.8223
"06/03/2014",0.8311
"06/04/2014",0.8183
"06/05/2014",0.8125
"06/06/2014",0.8053
"06/09/2014",0.803
"06/10/2014",0.8205
"06/11/2014",0.8126
"06/12/2014",0.8137
"06/13/2014",0.8273
"06/16/2014",0.834
"06/17/2014",0.7994
"06/18/2014",0.7994
"06/19/2014",0.8081
"06/20/2014",0.8149
"06/23/2014",0.822
"06/24/2014",0.8055
"06/25/2014",0.789
"06/26/2014",0.7812
"06/27/2014",0.783
"06/30/2014",0.7738
"07/01/2014",0.766
"07/02/2014",0.7626
"07/03/2014",0.7579
"07/07/2014",0.7423
"07/08/2014",0.7409
"07/09/2014",0.8053
"07/10/2014",0.729
"07/11/2014",0.7274
"07/14/2014",0.7274
"07/15/2014",0.7225
"07/16/2014",0.7239
"07/17/2014",0.7245
"07/18/2014",0.7263
"07/21/2014",0.7252
"07/22/2014",0.728
"07/23/2014",0.7277
"07/24/2014",0.704
"07/25/2014",0.6916
"07/28/2014",0.6936
"07/29/2014",0.6844
"07/30/2014",0.6734
"07/31/2014",0.6559
"08/01/2014",0.6599
"08/04/2014",0.6742
"08/05/2014",0.6696
"08/06/2014",0.6697
"08/07/2014",0.6527
"08/08/2014",0.6581
"08/11/2014",0.6613
"08/12/2014",0.6403
"08/13/2014",0.6502
"08/14/2014",0.6489
"08/15/2014",0.646
"08/18/2014",0.6434
"08/19/2014",0.6447
"08/20/2014",0.6532
"08/21/2014",0.665
"08/22/2014",0.6746
"08/25/2014",0.6766
"08/26/2014",0.6826
"08/27/2014",0.683
"08/28/2014",0.6714
"08/29/2014",0.676
"09/02/2014",0.6634
"09/03/2014",0.667
"09/04/2014",0.6627
"09/05/2014",0.6558
"09/08/2014",0.6606
"09/09/2014",0.6628
"09/10/2014",0.6864
"09/11/2014",0.6929
"09/12/2014",0.6911
"09/15/2014",0.6668
"09/16/2014",0.6678
"09/17/2014",0.6518
"09/18/2014",0.6455
"09/19/2014",0.6389
"09/22/2014",0.6209
"09/23/2014",0.6233
"09/24/2014",0.6107
"09/25/2014",0.609
"09/26/2014",0.6139
"09/29/2014",0.6097
"09/30/2014",0.6087
"10/01/2014",0.6166
"10/02/2014",0.6135
"10/03/2014",0.6197
"10/06/2014",0.6388
"10/07/2014",0.6471
"10/08/2014",0.6439
"10/09/2014",0.6344
"10/10/2014",0.636
"10/13/2014",0.636
"10/14/2014",0.6391
"10/15/2014",0.6346
"10/16/2014",0.6331
"10/17/2014",0.6275
"10/20/2014",0.6204
"10/21/2014",0.6254
"10/22/2014",0.6243
"10/23/2014",0.6279
"10/24/2014",0.6356
"10/27/2014",0.6342
"10/28/2014",0.6422
"10/29/2014",0.6485
"10/30/2014",0.64
"10/31/2014",0.6395
"11/03/2014",0.6375
"11/04/2014",0.6205
"11/05/2014",0.6196
"11/06/2014",0.6219
"11/07/2014",0.6296
"11/10/2014",0.6143
"11/11/2014",0.6143
"11/12/2014",0.6044
"11/13/2014",0.5823
"11/14/2014",0.5838
"11/17/2014",0.5785
"11/18/2014",0.5861
"11/19/2014",0.581
"11/20/2014",0.5786
"11/21/2014",0.5852
"11/24/2014",0.5781
"11/25/2014",0.5831
"11/26/2014",0.5903
"11/28/2014",0.5908
"12/01/2014",0.5818
"12/02/2014",0.5838
"12/03/2014",0.5864
"12/04/2014",0.5942
"12/05/2014",0.5864
"12/08/2014",0.5831
"12/09/2014",0.5888
"12/10/2014",0.5857
"12/11/2014",0.5973
"12/12/2014",0.5979
"12/15/2014",0.6015
"12/16/2014",0.5928
"12/17/2014",0.6015
"12/18/2014",0.6032
"12/19/2014",0.6039
"12/22/2014",0.6154
"12/23/2014",0.6132
"12/24/2014",0.6128
"12/26/2014",0.6128
"12/29/2014",0.6151
"12/30/2014",0.6148
"12/31/2014",0.5977
"01/02/2015",0.5908
"01/05/2015",0.6021
"01/06/2015",0.597
"01/07/2015",0.5993
"01/08/2015",0.6006
"01/09/2015",0.6026
"01/12/2015",0.5923
"01/13/2015",0.5965
"01/14/2015",0.5848
"01/15/2015",0.5899
"01/16/2015",0.5873
"01/20/2015",0.5729
"01/21/2015",0.5751
"01/22/2015",0.5726
"01/23/2015",0.568
"01/26/2015",0.5812
"01/27/2015",0.5828
"01/28/2015",0.5919
"01/29/2015",0.5932
"01/30/2015",0.5911
"02/02/2015",0.5964
"02/03/2015",0.612
"02/04/2015",0.6098
"02/05/2015",0.6154
"02/06/2015",0.6134
"02/09/2015",0.6205
"02/10/2015",0.6226
"02/11/2015",0.6177
"02/12/2015",0.6223
"02/13/2015",0.6307
"02/17/2015",0.6428
"02/18/2015",0.6507
"02/19/2015",0.6444
"02/20/2015",0.6441
"02/23/2015",0.6395
"02/24/2015",0.6416
"02/25/2015",0.648
"02/26/2015",0.6446
"02/27/2015",0.6418
"03/02/2015",0.641
"03/03/2015",0.6288
"03/04/2015",0.6285
"03/05/2015",0.6248
"03/06/2015",0.6222
"03/09/2015",0.615
"03/10/2015",0.6012
"03/11/2015",0.5958
"03/12/2015",0.6047
"03/13/2015",0.5975
"03/16/2015",0.5974
"03/17/2015",0.5946
"03/18/2015",0.6173
"03/19/2015",0.622
"03/20/2015",0.6207
"03/23/2015",0.633
"03/24/2015",0.6266
"03/25/2015",0.6191
"03/26/2015",0.6183
"03/27/2015",0.623
"03/30/2015",0.6127
"03/31/2015",0.6185
"04/01/2015",0.6133
"04/02/2015",0.6244
"04/06/2015",0.6409
"04/07/2015",0.6517
"04/08/2015",0.6548
"04/09/2015",0.6497
"04/10/2015",0.6381
"04/13/2015",0.6388
"04/14/2015",0.6344
"04/15/2015",0.6334
"04/16/2015",0.6276
"04/17/2015",0.6179
"04/20/2015",0.6189
"04/21/2015",0.6149
"04/22/2015",0.6142
"04/23/2015",0.6395
"04/24/2015",0.6484
"04/27/2015",0.6473
"04/28/2015",0.6489
"04/29/2015",0.6559
"04/30/2015",0.6638
"05/01/2015",0.6511
"05/04/2015",0.6517
"05/05/2015",0.6525
"05/06/2015",0.6436
"05/07/2015",0.6403
"05/08/2015",0.6466
"05/11/2015",0.6389
"05/12/2015",0.6352
"05/13/2015",0.6427
"05/14/2015",0.6503
"05/15/2015",0.6534
"05/18/2015",0.6342
"05/19/2015",0.6285
"05/20/2015",0.6265
"05/21/2015",0.6223
"05/22/2015",0.618
"05/26/2015",0.6181
"05/27/2015",0.6305
"05/28/2015",0.6433
"05/29/2015",0.6435
"06/01/2015",0.6375
"06/02/2015",0.636
"06/03/2015",0.6528
"06/04/2015",0.6528
"06/05/2015",0.6455
"06/08/2015",0.6534
"06/09/2015",0.6537
"06/10/2015",0.6579
"06/11/2015",0.6438
"06/12/2015",0.6466
"06/15/2015",0.6363
"06/16/2015",0.6497
"06/17/2015",0.6452
"06/18/2015",0.6472
"06/19/2015",0.639
"06/22/2015",0.648
"06/23/2015",0.6455
"06/24/2015",0.6459
"06/25/2015",0.6538
"06/26/2015",0.6751
"06/29/2015",0.6723
"06/30/2015",0.6791
"07/01/2015",0.6754
"07/02/2015",0.6739
"07/06/2015",0.6695
"07/07/2015",0.6596
"07/08/2015",0.653
"07/09/2015",0.6586
"07/10/2015",0.6552
"07/13/2015",0.6552
"07/14/2015",0.6613
"07/15/2015",0.6487
"07/16/2015",0.6524
"07/17/2015",0.6522
"07/20/2015",0.6467
"07/21/2015",0.6424
"07/22/2015",0.6454
"07/23/2015",0.6474
"07/24/2015",0.6464
"07/27/2015",0.638
"07/28/2015",0.646
"07/29/2015",0.6389
"07/30/2015",0.6355
"07/31/2015",0.6421
"08/03/2015",0.64
"08/04/2015",0.6364
"08/05/2015",0.6352
"08/06/2015",0.6226
"08/07/2015",0.6179
"08/10/2015",0.6196
"08/11/2015",0.6182
"08/12/2015",0.6469
"08/13/2015",0.6579
"08/14/2015",0.6595
"08/17/2015",0.6652
"08/18/2015",0.6663
"08/19/2015",0.6653
"08/20/2015",0.6693
"08/21/2015",0.6691
"08/24/2015",0.6405
"08/25/2015",0.6316
"08/26/2015",0.6251
"08/27/2015",0.6335
"08/28/2015",0.63
"08/31/2015",0.63
"09/01/2015",0.627
"09/02/2015",0.6249
"09/03/2015",0.6276
"09/04/2015",0.6262
"09/08/2015",0.6328
"09/09/2015",0.6292
"09/10/2015",0.6305
"09/11/2015",0.6313
"09/14/2015",0.6255
"09/15/2015",0.6252
"09/16/2015",0.6271
"09/17/2015",0.624
"09/18/2015",0.6055
"09/21/2015",0.6079
"09/22/2015",0.6
"09/23/2015",0.5997
"09/24/2015",0.6031
"09/25/2015",0.6064
"09/28/2015",0.6075
"09/29/2015",0.61
"09/30/2015",0.6044
"10/01/2015",0.606
"10/02/2015",0.6014
"10/05/2015",0.6187
"10/06/2015",0.6208
"10/07/2015",0.6205
"10/08/2015",0.6172
"10/09/2015",0.6161
"10/12/2015",0.6169
"10/13/2015",0.6386
"10/14/2015",0.6376
"10/15/2015",0.6344
"10/16/2015",0.6385
"10/19/2015",0.6324
"10/20/2015",0.6378
"10/21/2015",0.6423
"10/22/2015",0.6252
"10/23/2015",0.6276
"10/26/2015",0.6213
"10/27/2015",0.6234
"10/28/2015",0.6267
"10/29/2015",0.6232
"10/30/2015",0.6332
"11/02/2015",0.6329
"11/03/2015",0.6257
"11/04/2015",0.6194
"11/05/2015",0.6195
"11/06/2015",0.6174
"11/09/2015",0.6212
"11/10/2015",0.6199
"11/11/2015",0.6231
"11/12/2015",0.6216
"11/13/2015",0.6199
"11/16/2015",0.6261
"11/17/2015",0.6267
"11/18/2015",0.6294
"11/19/2015",0.6312
"11/20/2015",0.6283
"11/23/2015",0.616
"11/24/2015",0.6194
"11/25/2015",0.6328
"11/27/2015",0.6393
"11/30/2015",0.6264
"12/01/2015",0.6354
"12/02/2015",0.635
"12/03/2015",0.6395
"12/04/2015",0.6471
"12/07/2015",0.6457
"12/08/2015",0.6444
"12/09/2015",0.6481
"12/10/2015",0.6377
"12/11/2015",0.6371
"12/14/2015",0.6338
"12/15/2015",0.6331
"12/16/2015",0.6325
"12/17/2015",0.6299
"12/18/2015",0.6369
"12/21/2015",0.6332
"12/22/2015",0.6316
"12/23/2015",0.6277
"12/24/2015",0.6366
"12/28/2015",0.6397
"12/29/2015",0.6387
"12/30/2015",0.6397
"12/31/2015",0.6328
"01/04/2016",0.6261
"01/05/2016",0.6268
"01/06/2016",0.62
"01/07/2016",0.6143
"01/08/2016",0.614
"01/11/2016",0.615
"01/12/2016",0.6159
"01/13/2016",0.6214
"01/14/2016",0.619
"01/15/2016",0.6141
"01/19/2016",0.6247
"01/20/2016",0.6197
"01/21/2016",0.6209
"01/22/2016",0.6245
"01/25/2016",0.616
"01/26/2016",0.6141
"01/27/2016",0.6086
"01/28/2016",0.6136
"01/29/2016",0.6113
"02/01/2016",0.6179
"02/02/2016",0.623
"02/03/2016",0.6194
"02/04/2016",0.6023
"02/05/2016",0.5997
"02/08/2016",0.596
"02/09/2016",0.5864
"02/10/2016",0.5923
"02/11/2016",0.5871
"02/12/2016",0.5864
"02/16/2016",0.5974
"02/17/2016",0.5955
"02/18/2016",0.597
"02/19/2016",0.5954
"02/22/2016",0.5869
"02/23/2016",0.58
"02/24/2016",0.5741
"02/25/2016",0.5776
"02/26/2016",0.5753
"02/29/2016",0.565
"03/01/2016",0.5611
"03/02/2016",0.5593
"03/03/2016",0.5641
"03/04/2016",0.5711
"03/07/2016",0.5738
"03/08/2016",0.5686
"03/09/2016",0.5659
"03/10/2016",0.5683
"03/11/2016",0.5715
"03/14/2016",0.5829
"03/15/2016",0.5824
"03/16/2016",0.5832
"03/17/2016",0.5836
"03/18/2016",0.5716
"03/21/2016",0.5817
"03/22/2016",0.5837
"03/23/2016",0.5839
"03/24/2016",0.5772
"03/28/2016",0.578
"03/29/2016",0.5738
"03/30/2016",0.5767
"03/31/2016",0.5844
"04/01/2016",0.592
"04/04/2016",0.5896
"04/05/2016",0.589
"04/06/2016",0.5875
"04/07/2016",0.5903
"04/08/2016",0.5956
"04/11/2016",0.6024
"04/12/2016",0.6091
"04/13/2016",0.6129
"04/14/2016",0.6085
"04/15/2016",0.6002
"04/18/2016",0.6223
"04/19/2016",0.6307
"04/20/2016",0.6409
"04/21/2016",0.6401
"04/22/2016",0.6369
"04/25/2016",0.6404
"04/26/2016",0.6383
"04/27/2016",0.6415
"04/28/2016",0.6369
"04/29/2016",0.6377
"05/02/2016",0.6437
"05/03/2016",0.6306
"05/04/2016",0.6278
"05/05/2016",0.6179
"05/06/2016",0.6183
"05/09/2016",0.6133
"05/10/2016",0.609
"05/11/2016",0.606
"05/12/2016",0.6073
"05/13/2016",0.6062
"05/16/2016",0.6099
"05/17/2016",0.622
"05/18/2016",0.6205
"05/19/2016",0.6107
"05/20/2016",0.6167
"05/23/2016",0.6145
"05/24/2016",0.6301
"05/25/2016",0.629
"05/26/2016",0.6433
"05/27/2016",0.6428
"05/31/2016",0.6394
"06/01/2016",0.63
"06/02/2016",0.6267
"06/03/2016",0.6391
"06/06/2016",0.6554
"06/07/2016",0.6584
"06/08/2016",0.6596
"06/09/2016",0.653
"06/10/2016",0.6507
"06/13/2016",0.6408
"06/14/2016",0.6391
"06/15/2016",0.6362
"06/16/2016",0.6493
"06/17/2016",0.6592
"06/20/2016",0.6599
"06/21/2016",0.6439
"06/22/2016",0.6453
"06/23/2016",0.6542
"06/24/2016",0.6442
"06/27/2016",0.6438
"06/28/2016",0.6586
"06/29/2016",0.6585
"06/30/2016",0.6417
"07/01/2016",0.6499
"07/05/2016",0.6521
"07/06/2016",0.653
"07/07/2016",0.6515
"07/08/2016",0.6581
"07/11/2016",0.6778
"07/12/2016",0.7078
"07/13/2016",0.7315
"07/14/2016",0.7387
"07/15/2016",0.7428
"07/18/2016",0.7395
"07/19/2016",0.7327
"07/20/2016",0.7235
"07/21/2016",0.7297
"07/22/2016",0.7268
"07/25/2016",0.7229
"07/26/2016",0.7395
"07/27/2016",0.7355
"07/28/2016",0.7304
"07/29/2016",0.7404
"08/01/2016",0.7438
"08/02/2016",0.7398
"08/03/2016",0.7429
"08/04/2016",0.7583
"08/05/2016",0.7674
"08/08/2016",0.7605
"08/09/2016",0.7305
"08/10/2016",0.7144
"08/11/2016",0.7186
"08/12/2016",0.7065
"08/15/2016",0.6886
"08/16/2016",0.686
"08/17/2016",0.6881
"08/18/2016",0.6901
"08/19/2016",0.6803
"08/22/2016",0.6828
"08/23/2016",0.6844
"08/24/2016",0.6779
"08/25/2016",0.6804
"08/26/2016",0.6803
"08/29/2016",0.6695
"08/30/2016",0.6629
"08/31/2016",0.6558
"09/01/2016",0.6818
"09/02/2016",0.6779
"09/06/2016",0.6924
"09/07/2016",0.6954
"09/08/2016",0.6929
"09/09/2016",0.6908
"09/12/2016",0.6669
"09/13/2016",0.669
"09/14/2016",0.6753
"09/15/2016",0.6772
"09/16/2016",0.6728
"09/19/2016",0.685
"09/20/2016",0.708
"09/21/2016",0.7162
"09/22/2016",0.7171
"09/23/2016",0.7007
"09/26/2016",0.7008
"09/27/2016",0.6974
"09/28/2016",0.6848
"09/29/2016",0.6773
"09/30/2016",0.6808
"10/03/2016",0.6852
"10/04/2016",0.6967
"10/05/2016",0.6782
"10/06/2016",0.675
"10/07/2016",0.6698
"10/10/2016",0.6736
"10/11/2016",0.6714
"10/12/2016",0.6897
"10/13/2016",0.6931
"10/14/2016",0.7057
"10/17/2016",0.7119
"10/18/2016",0.7115
"10/19/2016",0.711
"10/20/2016",0.698
"10/21/2016",0.6907
"10/24/2016",0.6877
"10/25/2016",0.6849
"10/26/2016",0.6926
"10/27/2016",0.6976
"10/28/2016",0.7082
"10/31/2016",0.6886
"11/01/2016",0.682
"11/02/2016",0.686
"11/03/2016",0.6807
"11/04/2016",0.6853
"11/07/2016",0.691
"11/08/2016",0.6934
"11/09/2016",0.6886
"11/10/2016",0.6983
"11/11/2016",0.6903
"11/14/2016",0.6931
"11/15/2016",0.7048
"11/16/2016",0.7169
"11/17/2016",0.7254
"11/18/2016",0.7232
"11/21/2016",0.7229
"11/22/2016",0.7224
"11/23/2016",0.7164
"11/25/2016",0.7125
"11/28/2016",0.7202
"11/29/2016",0.713
"11/30/2016",0.7158
"12/01/2016",0.709
"12/02/2016",0.7104
"12/05/2016",0.7101
"12/06/2016",0.7133
"12/07/2016",0.7105
"12/08/2016",0.7142
"12/09/2016",0.708
"12/12/2016",0.7169
"12/13/2016",0.7204
"12/14/2016",0.7147
"12/15/2016",0.7167
"12/16/2016",0.7104
"12/19/2016",0.6957
"12/20/2016",0.6934
"12/21/2016",0.7013
"12/22/2016",0.702
"12/23/2016",0.6987
"12/27/2016",0.6974
"12/28/2016",0.6975
"12/29/2016",0.705
"12/30/2016",0.7065
"01/03/2017",0.7178
"01/04/2017",0.7408
"01/05/2017",0.7378
"01/06/2017",0.7399
"01/09/2017",0.7299
"01/10/2017",0.7319
"01/11/2017",0.7314
"01/12/2017",0.7234
"01/13/2017",0.7227
"01/17/2017",0.7211
"01/18/2017",0.7226
"01/19/2017",0.7269
"01/20/2017",0.7304
"01/23/2017",0.7463
"01/24/2017",0.7357
"01/25/2017",0.7388
"01/26/2017",0.7419
"01/27/2017",0.7485
"01/30/2017",0.7414
"01/31/2017",0.7494
"02/01/2017",0.7644
"02/02/2017",0.7691
"02/03/2017",0.7641
"02/06/2017",0.7563
"02/07/2017",0.7509
"02/08/2017",0.7525
"02/09/2017",0.7665
"02/10/2017",0.7709
"02/13/2017",0.7821
"02/14/2017",0.7795
"02/15/2017",0.7728
"02/16/2017",0.7677
"02/17/2017",0.7552
"02/21/2017",0.7566
"02/22/2017",0.7549
"02/23/2017",0.761
"02/24/2017",0.7657
"02/27/2017",0.7612
"02/28/2017",0.7634
"03/01/2017",0.7786
"03/02/2017",0.7678
"03/03/2017",0.7799
"03/06/2017",0.7911
"03/07/2017",0.7803
"03/08/2017",0.7809
"03/09/2017",0.7782
"03/10/2017",0.7729
"03/13/2017",0.7687
"03/14/2017",0.7715
"03/15/2017",0.7808
"03/16/2017",0.7817
"03/17/2017",0.7836
"03/20/2017",0.7733
"03/21/2017",0.7684
"03/22/2017",0.7734
"03/23/2017",0.7727
"03/24/2017",0.7747
"03/27/2017",0.7694
"03/28/2017",0.7688
"03/29/2017",0.7614
"03/30/2017",0.7623
"03/31/2017",0.7733
"04/03/2017",0.7547
"04/04/2017",0.7485
"04/05/2017",0.7487
"04/06/2017",0.7451
"04/07/2017",0.7346
"04/10/2017",0.7681
"04/11/2017",0.7643
"04/12/2017",0.7623
"04/13/2017",0.7654
"04/17/2017",0.7817
"04/18/2017",0.7816
"04/19/2017",0.7832
"04/20/2017",0.7911
"04/21/2017",0.7933
"04/24/2017",0.7879
"04/25/2017",0.7936
"04/26/2017",0.7939
"04/27/2017",0.7796
"04/28/2017",0.7887
"05/01/2017",0.7895
"05/02/2017",0.7937
"05/03/2017",0.7877
"05/04/2017",0.7891
"05/05/2017",0.7777
"05/08/2017",0.7719
"05/09/2017",0.7743
"05/10/2017",0.7649
"05/11/2017",0.7918
"05/12/2017",0.8218
"05/15/2017",0.8532
"05/16/2017",0.8132
"05/17/2017",0.8017
"05/18/2017",0.7364
"05/19/2017",0.7345
"05/22/2017",0.7301
"05/23/2017",0.7237
"05/24/2017",0.7308
"05/25/2017",0.7322
"05/26/2017",0.7279
"05/30/2017",0.7275
"05/31/2017",0.7279
"06/01/2017",0.735
"06/02/2017",0.7312
"06/05/2017",0.7261
"06/06/2017",0.7252
"06/07/2017",0.7268
"06/08/2017",0.731
"06/09/2017",0.7249
"06/12/2017",0.7244
"06/13/2017",0.7182
"06/14/2017",0.7095
"06/15/2017",0.6947
"06/16/2017",0.6936
"06/19/2017",0.6904
"06/20/2017",0.6897
"06/21/2017",0.6817
"06/22/2017",0.6674
"06/23/2017",0.6702
"06/26/2017",0.6723
"06/27/2017",0.6771
"06/28/2017",0.6765
"06/29/2017",0.6724
"06/30/2017",0.6859
"07/03/2017",0.6745
"07/05/2017",0.6766
"07/06/2017",0.6835
"07/07/2017",0.6859
"07/10/2017",0.6729
"07/11/2017",0.6767
"07/12/2017",0.6727
"07/13/2017",0.6637
"07/14/2017",0.6658
"07/17/2017",0.6776
"07/18/2017",0.6822
"07/19/2017",0.6811
"07/20/2017",0.6898
"07/21/2017",0.6842
"07/24/2017",0.6829
"07/25/2017",0.6883
"07/26/2017",0.684
"07/27/2017",0.6889
"07/28/2017",0.688
"07/31/2017",0.6886
"08/01/2017",0.6931
"08/02/2017",0.7034
"08/03/2017",0.7016
"08/04/2017",0.7062
"08/07/2017",0.7055
"08/08/2017",0.7113
"08/09/2017",0.7111
"08/10/2017",0.6811
"08/11/2017",0.6825
"08/14/2017",0.6775
"08/15/2017",0.6716
"08/16/2017",0.6682
"08/17/2017",0.6691
"08/18/2017",0.6728
"08/21/2017",0.6756
"08/22/2017",0.6781
"08/23/2017",0.6889
"08/24/2017",0.6983
"08/25/2017",0.6815
"08/28/2017",0.6983
"08/29/2017",0.6998
"08/30/2017",0.7085
"08/31/2017",0.7093
"09/01/2017",0.7188
"09/04/2017",0.7188
"09/05/2017",0.7488
"09/06/2017",0.745
"09/07/2017",0.7427
"09/08/2017",0.7459
"09/11/2017",0.7211
"09/12/2017",0.6911
"09/13/2017",0.6909
"09/14/2017",0.6912
"09/15/2017",0.6907
"09/18/2017",0.695
"09/19/2017",0.6927
"09/20/2017",0.6925
"09/21/2017",0.6825
"09/22/2017",0.6846
"09/25/2017",0.6946
"09/26/2017",0.6875
"09/27/2017",0.6865
"09/28/2017",0.6897
"09/29/2017",0.6845
"10/02/2017",0.6757
"10/03/2017",0.6752
"10/04/2017",0.688
"10/05/2017",0.6827
"10/06/2017",0.6884
"10/09/2017",0.6895
"10/10/2017",0.6895
"10/11/2017",0.6873
"10/12/2017",0.6784
"10/13/2017",0.6862
"10/16/2017",0.6753
"10/17/2017",0.6777
"10/18/2017",0.6763
"10/19/2017",0.6731
"10/20/2017",0.6688
"10/23/2017",0.6972
"10/24/2017",0.6954
"10/25/2017",0.6931
"10/26/2017",0.6819
"10/27/2017",0.682
"10/30/2017",0.6864
"10/31/2017",0.6838
"11/01/2017",0.6817
"11/02/2017",0.6908
"11/03/2017",0.6872
"11/06/2017",0.6885
"11/07/2017",0.6807
"11/08/2017",0.6863
"11/09/2017",0.6829
"11/10/2017",0.6905
"11/13/2017",0.6888
"11/14/2017",0.686
"11/15/2017",0.6881
"11/16/2017",0.6921
"11/17/2017",0.6978
"11/20/2017",0.7137
"11/21/2017",0.709
"11/22/2017",0.7074
"11/24/2017",0.7223
"11/27/2017",0.72
"11/28/2017",0.7329
"11/29/2017",0.7427
"11/30/2017",0.7326
"12/01/2017",0.7328
"12/04/2017",0.7258
"12/05/2017",0.7251
"12/06/2017",0.7272
"12/07/2017",0.7423
"12/08/2017",0.7372
"12/11/2017",0.73
"12/12/2017",0.7291
"12/13/2017",0.7413
"12/14/2017",0.7533
"12/15/2017",0.7592
"12/18/2017",0.752
"12/19/2017",0.7503
"12/20/2017",0.7571
"12/21/2017",0.7794
"12/22/2017",0.7787
"12/26/2017",0.7743
"12/27/2017",0.7895
"12/28/2017",0.788
"12/29/2017",0.7863
"01/02/2018",0.775
"01/03/2018",0.7811
"01/04/2018",0.7925
"01/05/2018",0.7801
"01/08/2018",0.7814
"01/09/2018",0.7835
"01/10/2018",0.7965
"01/11/2018",0.8265
"01/12/2018",0.8168
"01/16/2018",0.8143
"01/17/2018",0.8214
"01/18/2018",0.8263
"01/19/2018",0.8342
"01/22/2018",0.8341
"01/23/2018",0.8226
"01/24/2018",0.8227
"01/25/2018",0.8188
"01/26/2018",0.8048
"01/29/2018",0.7836
"01/30/2018",0.7703
"01/31/2018",0.7728
"02/01/2018",0.7835
"02/02/2018",0.773
"02/05/2018",0.7657
"02/06/2018",0.7619
"02/07/2018",0.7596
"02/08/2018",0.7662
"02/09/2018",0.7668
"02/12/2018",0.7645
"02/13/2018",0.7638
"02/14/2018",0.756
"02/15/2018",0.7541
"02/16/2018",0.7572
"02/20/2018",0.7751
"02/21/2018",0.7891
"02/22/2018",0.8054
"02/23/2018",0.8143
"02/26/2018",0.8188
"02/27/2018",0.8205
"02/28/2018",0.8267
"03/01/2018",0.8181
"03/02/2018",0.8209
"03/05/2018",0.8523
"03/06/2018",0.8243
"03/07/2018",0.8286
"03/08/2018",0.8512
"03/09/2018",0.8452
"03/12/2018",0.8328
"03/13/2018",0.8298
"03/14/2018",0.8344
"03/15/2018",0.8353
"03/16/2018",0.8285
"03/19/2018",0.8123
"03/20/2018",0.8308
"03/21/2018",0.8259
"03/22/2018",0.8215
"03/23/2018",0.8183
"03/26/2018",0.8178
"03/27/2018",0.8202
"03/28/2018",0.8074
"03/29/2018",0.8146
"04/02/2018",0.8097
"04/03/2018",0.8202
"04/04/2018",0.7964
"04/05/2018",0.8257
"04/06/2018",0.8254
"04/09/2018",0.8291
"04/10/2018",0.8353
"04/11/2018",0.8383
"04/12/2018",0.8369
"04/13/2018",0.8341
"04/16/2018",0.8325
"04/17/2018",0.8313
"04/18/2018",0.8274
"04/19/2018",0.8297
"04/20/2018",0.8547
"04/23/2018",0.8319
"04/24/2018",0.8226
"04/25/2018",0.846
"04/26/2018",0.8466
"04/27/2018",0.8484
"04/30/2018",0.8401
"05/01/2018",0.8448
"05/02/2018",0.8468
"05/03/2018",0.845
"05/04/2018",0.869
"05/07/2018",0.8599
"05/08/2018",0.8538
"05/09/2018",0.8586
"05/10/2018",0.8456
"05/11/2018",0.8462
"05/14/2018",0.837
"05/15/2018",0.8376
"05/16/2018",0.8435
"05/17/2018",0.8503
"05/18/2018",0.8655
"05/21/2018",0.8842
"05/22/2018",0.8735
"05/23/2018",0.8696
"05/24/2018",0.8746
"05/25/2018",0.8921
"05/29/2018",0.9321
"05/30/2018",0.9249
"05/31/2018",0.9315
"06/01/2018",0.933
"06/04/2018",0.921
"06/05/2018",0.8984
"06/06/2018",0.9095
"06/07/2018",0.9372
"06/08/2018",0.9494
"06/11/2018",0.9475
"06/12/2018",0.9521
"06/13/2018",0.9381
"06/14/2018",0.9341
"06/15/2018",0.9072
"06/18/2018",0.8732
"06/19/2018",0.8332
"06/20/2018",0.8321
"06/21/2018",0.8321
"06/22/2018",0.8543
"06/25/2018",0.8594
"06/26/2018",0.8515
"06/27/2018",0.8583
"06/28/2018",0.8471
"06/29/2018",0.8521
"07/02/2018",0.8377
"07/03/2018",0.838
"07/05/2018",0.8271
"07/06/2018",0.8565
"07/09/2018",0.8658
"07/10/2018",0.875
"07/11/2018",0.8524
"07/12/2018",0.8924
"07/13/2018",0.889
"07/16/2018",0.8888
"07/17/2018",0.892
"07/18/2018",0.8883
"07/19/2018",0.883
"07/20/2018",0.8774
"07/23/2018",0.8747
"07/24/2018",0.8732
"07/25/2018",0.888
"07/26/2018",0.8903
"07/27/2018",0.8906
"07/30/2018",0.8995
"07/31/2018",0.9028
"08/01/2018",0.8906
"08/02/2018",0.8944
"08/03/2018",0.8867
"08/06/2018",0.8869
"08/07/2018",0.8822
"08/08/2018",0.8739
"08/09/2018",0.8726
"08/10/2018",0.8586
"08/13/2018",0.8314
"08/14/2018",0.8341
"08/15/2018",0.8108
"08/16/2018",0.8213
"08/17/2018",0.8175
"08/20/2018",0.831
"08/21/2018",0.835
"08/22/2018",0.8252
"08/23/2018",0.8173
"08/24/2018",0.8181
"08/27/2018",0.8352
"08/28/2018",0.8381
"08/29/2018",0.8297
"08/30/2018",0.8242
"08/31/2018",0.8231
"09/04/2018",0.8278
"09/05/2018",0.8171
"09/06/2018",0.8138
"09/07/2018",0.8213
"09/10/2018",0.8393
"09/11/2018",0.8303
"09/12/2018",0.8276
"09/13/2018",0.8162
"09/14/2018",0.819
"09/17/2018",0.8151
"09/18/2018",0.7915
"09/19/2018",0.7963
"09/20/2018",0.7907
"09/21/2018",0.7928
"09/24/2018",0.7873
"09/25/2018",0.8013
"09/26/2018",0.7882
"09/27/2018",0.7788
"09/28/2018",0.7645
"10/01/2018",0.7631
"10/02/2018",0.7619
"10/03/2018",0.7646
"10/04/2018",0.76
"10/05/2018",0.761
"10/08/2018",0.7755
"10/09/2018",0.7701
"10/10/2018",0.768
"10/11/2018",0.7681
"10/12/2018",0.7837
"10/15/2018",0.7872
"10/16/2018",0.7833
"10/17/2018",0.7792
"10/18/2018",0.7805
"10/19/2018",0.7792
"10/22/2018",0.8002
"10/23/2018",0.7899
"10/24/2018",0.7707
"10/25/2018",0.7768
"10/26/2018",0.7853
"10/29/2018",0.7717
"10/30/2018",0.769
"10/31/2018",0.7686
"11/01/2018",0.7903
"11/02/2018",0.7879
"11/05/2018",0.7887
"11/06/2018",0.7743
"11/07/2018",0.7896
"11/08/2018",0.7901
"11/09/2018",0.7809
"11/12/2018",0.7638
"11/13/2018",0.7586
"11/14/2018",0.7639
"11/15/2018",0.7625
"11/16/2018",0.7612
"11/19/2018",0.7588
"11/20/2018",0.7527
"11/21/2018",0.7651
"11/23/2018",0.7492
"11/26/2018",0.774
"11/27/2018",0.7699
"11/28/2018",0.7821
"11/29/2018",0.7786
"11/30/2018",0.7856
"12/03/2018",0.7995
"12/04/2018",0.7981
"12/05/2018",0.8115
"12/06/2018",0.7908
"12/07/2018",0.8023
"12/10/2018",0.7988
"12/11/2018",0.8002
"12/12/2018",0.7997
"12/13/2018",0.7941
"12/14/2018",0.796
"12/17/2018",0.7854
"12/18/2018",0.7785
"12/19/2018",0.7671
"12/20/2018",0.7506
"12/21/2018",0.7318
"12/24/2018",0.7255
"12/26/2018",0.735
"12/27/2018",0.7206
"12/28/2018",0.7219
"12/31/2018",0.722
"01/02/2019",0.7084
"01/03/2019",0.7083
"01/04/2019",0.7252
"01/07/2019",0.7275
"01/08/2019",0.7167
"01/09/2019",0.7313
"01/10/2019",0.7285
"01/11/2019",0.7249
"01/14/2019",0.7299
"01/15/2019",0.7236
"01/16/2019",0.7327
"01/17/2019",0.7437
"01/18/2019",0.7389
"01/22/2019",0.7313
"01/23/2019",0.7352
"01/24/2019",0.7314
"01/25/2019",0.7413
"01/28/2019",0.7385
"01/29/2019",0.7415
"01/30/2019",0.7436
"01/31/2019",0.744
"02/01/2019",0.7364
"02/04/2019",0.7276
"02/05/2019",0.734
"02/06/2019",0.7366
"02/07/2019",0.7281
"02/08/2019",0.7255
"02/11/2019",0.7055
"02/12/2019",0.6978
"02/13/2019",0.6986
"02/14/2019",0.7013
"02/15/2019",0.7022
"02/19/2019",0.7041
"02/20/2019",0.7028
"02/21/2019",0.7219
"02/22/2019",0.7184
"02/25/2019",0.7216
"02/26/2019",0.7132
"02/27/2019",0.7189
"02/28/2019",0.726
"03/01/2019",0.7385
"03/04/2019",0.7313
"03/05/2019",0.7461
"03/06/2019",0.7421
"03/07/2019",0.7311
"03/08/2019",0.7349
"03/11/2019",0.732
"03/12/2019",0.7485
"03/13/2019",0.7572
"03/14/2019",0.743
"03/15/2019",0.755
"03/18/2019",0.7527
"03/19/2019",0.7565
"03/20/2019",0.755
"03/21/2019",0.7718
"03/22/2019",0.7658
"03/25/2019",0.7773
"03/26/2019",0.7789
"03/27/2019",0.7695
"03/28/2019",0.7587
"03/29/2019",0.7761
"04/01/2019",0.7736
"04/02/2019",0.7727
"04/03/2019",0.7705
"04/04/2019",0.7732
"04/05/2019",0.7825
"04/08/2019",0.7892
"04/09/2019",0.7809
"04/10/2019",0.7762
"04/11/2019",0.7698
"04/12/2019",0.7811
"04/15/2019",0.7649
"04/16/2019",0.7794
"04/17/2019",0.7811
"04/18/2019",0.7731
"04/22/2019",0.7719
"04/23/2019",0.7657
"04/24/2019",0.7577
"04/25/2019",0.7724
"04/26/2019",0.7713
"04/29/2019",0.7662
"04/30/2019",0.7662
"05/01/2019",0.7671
"05/02/2019",0.7545
"05/03/2019",0.7568
"05/06/2019",0.7355
"05/07/2019",0.7318
"05/08/2019",0.7231
"05/09/2019",0.7023
"05/10/2019",0.6845
"05/13/2019",0.6545
"05/14/2019",0.6676
"05/15/2019",0.6635
"05/16/2019",0.668
"05/17/2019",0.6599
"05/20/2019",0.6791
"05/21/2019",0.6732
"05/22/2019",0.6675
"05/23/2019",0.6748
"05/24/2019",0.6839
"05/27/2019",0.6839
"05/28/2019",0.6947
"05/29/2019",0.6906
"05/30/2019",0.6934
"05/31/2019",0.6808
"06/03/2019",0.6942
"06/04/2019",0.6897
"06/05/2019",0.6874
"06/06/2019",0.6859
"06/07/2019",0.6559
"06/10/2019",0.6599
"06/11/2019",0.6565
"06/12/2019",0.6657
"06/13/2019",0.6683
"06/14/2019",0.6594
"06/17/2019",0.6563
"06/18/2019",0.6532
"06/19/2019",0.6538
"06/20/2019",0.6321
"06/21/2019",0.6119
"06/24/2019",0.623
"06/25/2019",0.6289
"06/26/2019",0.6462
"06/27/2019",0.6479
"06/28/2019",0.6523
"07/01/2019",0.6597
"07/02/2019",0.6657
"07/03/2019",0.6655
"07/04/2019",0.6655
"07/05/2019",0.6624
"07/08/2019",0.6513
"07/09/2019",0.6303
"07/10/2019",0.6354
"07/11/2019",0.6289
"07/12/2019",0.6236
"07/15/2019",0.637
"07/16/2019",0.6233
"07/17/2019",0.6189
"07/18/2019",0.6078
"07/19/2019",0.6225
"07/22/2019",0.6279
"07/23/2019",0.6329
"07/24/2019",0.6389
"07/25/2019",0.6381
"07/26/2019",0.6424
"07/29/2019",0.6377
"07/30/2019",0.6287
"07/31/2019",0.6322
"08/01/2019",0.6184
"08/02/2019",0.5894
"08/05/2019",0.5791
"08/06/2019",0.5827
"08/07/2019",0.5858
"08/08/2019",0.5954
"08/09/2019",0.5905
"08/12/2019",0.5803
"08/13/2019",0.5934
"08/14/2019",0.5961
"08/15/2019",0.5966
"08/16/2019",0.6008
"08/19/2019",0.5918
"08/20/2019",0.5917
"08/21/2019",0.5987
"08/22/2019",0.5887
"08/23/2019",0.5797
"08/26/2019",0.5766
"08/27/2019",0.5754
"08/28/2019",0.5835
"08/29/2019",0.5888
"08/30/2019",0.5905
"09/02/2019",0.5905
"09/03/2019",0.5831
"09/04/2019",0.5877
"09/05/2019",0.5916
"09/06/2019",0.5873
"09/09/2019",0.5912
"09/10/2019",0.595
"09/11/2019",0.5937
"09/12/2019",0.6225
"09/13/2019",0.6163
"09/16/2019",0.6159
"09/17/2019",0.6012
"09/18/2019",0.5936
"09/19/2019",0.5899
"09/20/2019",0.5913
"09/23/2019",0.5983
"09/24/2019",0.5932
"09/25/2019",0.5959
"09/26/2019",0.5963
"09/27/2019",0.6047
"09/30/2019",0.6061
"10/01/2019",0.6098
"10/02/2019",0.6133
"10/03/2019",0.616
"10/04/2019",0.6167
"10/07/2019",0.6183
"10/08/2019",0.6132
"10/09/2019",0.6209
"10/10/2019",0.6142
"10/11/2019",0.6388
"10/14/2019",0.6222
"10/15/2019",0.6353
"10/16/2019",0.6454
"10/17/2019",0.6499
"10/18/2019",0.6516
"10/21/2019",0.6456
"10/22/2019",0.6467
"10/23/2019",0.6495
"10/24/2019",0.6465
"10/25/2019",0.649
"10/28/2019",0.6479
"10/29/2019",0.6472
"10/30/2019",0.657
"10/31/2019",0.6444
"11/01/2019",0.6423
"11/04/2019",0.6366
"11/05/2019",0.6381
"11/06/2019",0.6369
"11/07/2019",0.6435
"11/08/2019",0.6472
"11/11/2019",0.6429
"11/12/2019",0.6474
"11/13/2019",0.6422
"11/14/2019",0.6427
"11/15/2019",0.6486
"11/18/2019",0.6421
"11/19/2019",0.6344
"11/20/2019",0.6224
"11/21/2019",0.6184
"11/22/2019",0.6342
"11/25/2019",0.6469
"11/26/2019",0.6511
"11/27/2019",0.6527
"11/28/2019",0.6545
"11/29/2019",0.6517
"12/02/2019",0.648
"12/03/2019",0.6405
"12/04/2019",0.647
"12/05/2019",0.6451
"12/06/2019",0.66
"12/09/2019",0.6538
"12/10/2019",0.6593
"12/11/2019",0.6588
"12/12/2019",0.6717
"12/13/2019",0.668
"12/16/2019",0.6697
"12/17/2019",0.6644
"12/18/2019",0.6674
"12/19/2019",0.6758
"12/20/2019",0.6796
"12/23/2019",0.6861
"12/24/2019",0.687
"12/26/2019",0.687
"12/27/2019",0.6892
"12/30/2019",0.6956
"12/31/2019",0.6905
"01/02/2020",0.6927
"01/03/2020",0.692
"01/06/2020",0.7004
"01/07/2020",0.6983
"01/08/2020",0.6996
"01/09/2020",0.7069
"01/10/2020",0.7131
"01/13/2020",0.7153
"01/14/2020",0.7138
"01/15/2020",0.7032
"01/16/2020",0.7022
"01/17/2020",0.7125
"01/20/2020",0.7125
"01/21/2020",0.6924
"01/22/2020",0.7113
"01/23/2020",0.7003
"01/24/2020",0.694
"01/27/2020",0.6951
"01/28/2020",0.7036
"01/29/2020",0.7006
"01/30/2020",0.6905
"01/31/2020",0.675
"02/03/2020",0.6684
"02/04/2020",0.6735
"02/05/2020",0.6751
"02/06/2020",0.6791
"02/07/2020",0.6775
"02/10/2020",0.6819
"02/11/2020",0.6823
"02/12/2020",0.6858
"02/13/2020",0.6775
"02/14/2020",0.6741
"02/17/2020",0.6741
"02/18/2020",0.6787
"02/19/2020",0.6848
"02/20/2020",0.6875
"02/21/2020",0.6893
"02/24/2020",0.6753
"02/25/2020",0.6632
"02/26/2020",0.6552
"02/27/2020",0.6254
"02/28/2020",0.6151
"03/02/2020",0.6338
"03/03/2020",0.6277
"03/04/2020",0.6298
"03/05/2020",0.6335
"03/06/2020",0.6279
"03/09/2020",0.6121
"03/10/2020",0.6141
"03/11/2020",0.6155
"03/12/2020",0.597
"03/13/2020",0.6049
"03/16/2020",0.588
"03/17/2020",0.5792
"03/18/2020",0.5664
"03/19/2020",0.5493
"03/20/2020",0.5368
"03/23/2020",0.5215
"03/24/2020",0.5289
"03/25/2020",0.5344
"03/26/2020",0.5278
"03/27/2020",0.5133
"03/30/2020",0.507
"03/31/2020",0.5113
"04/01/2020",0.4841
"04/02/2020",0.4999
"04/03/2020",0.5098
"04/06/2020",0.5305
"04/07/2020",0.529
"04/08/2020",0.5384
"04/09/2020",0.5437
"04/13/2020",0.5276
"04/14/2020",0.5251
"04/15/2020",0.5275
"04/16/2020",0.5279
"04/17/2020",0.5277
"04/20/2020",0.5403
"04/21/2020",0.5331
"04/22/2020",0.5628
"04/23/2020",0.5688
"04/24/2020",0.5493
"04/27/2020",0.5415
"04/28/2020",0.5602
"04/29/2020",0.5748
"04/30/2020",0.5748
"05/01/2020",0.5584
"05/04/2020",0.5433
"05/05/2020",0.5358
"05/06/2020",0.5451
"05/07/2020",0.5539
"05/08/2020",0.5627
"05/11/2020",0.5663
"05/12/2020",0.5834
"05/13/2020",0.5746
"05/14/2020",0.5785
"05/15/2020",0.5825
"05/18/2020",0.578
"05/19/2020",0.592
"05/20/2020",0.5821
"05/21/2020",0.5806
"05/22/2020",0.5761
"05/25/2020",0.5761
"05/26/2020",0.5823
"05/27/2020",0.5834
"05/28/2020",0.5757
"05/29/2020",0.5759
"06/01/2020",0.6006
"06/02/2020",0.6037
"06/03/2020",0.6048
"06/04/2020",0.6
"06/05/2020",0.6179
"06/08/2020",0.6081
"06/09/2020",0.6052
"06/10/2020",0.6051
"06/11/2020",0.6002
"06/12/2020",0.5984
"06/15/2020",0.5901
"06/16/2020",0.6007
"06/17/2020",0.6134
"06/18/2020",0.6117
"06/19/2020",0.6156
"06/22/2020",0.6252
"06/23/2020",0.6304
"06/24/2020",0.6166
"06/25/2020",0.6153
"06/26/2020",0.6043
"06/29/2020",0.5993
"06/30/2020",0.6138
"07/01/2020",0.6308
"07/02/2020",0.6355
"07/06/2020",0.6357
"07/07/2020",0.6374
"07/08/2020",0.6457
"07/09/2020",0.6434
"07/10/2020",0.6471
"07/13/2020",0.6375
"07/14/2020",0.6269
"07/15/2020",0.6259
"07/16/2020",0.6288
"07/17/2020",0.6201
"07/20/2020",0.6299
"07/21/2020",0.6291
"07/22/2020",0.6274
"07/23/2020",0.6168
"07/24/2020",0.5996
"07/27/2020",0.6069
"07/28/2020",0.6059
"07/29/2020",0.6103
"07/30/2020",0.6282
"07/31/2020",0.623
"08/03/2020",0.6353
"08/04/2020",0.6393
"08/05/2020",0.6436
"08/06/2020",0.6441
"08/07/2020",0.6188
"08/10/2020",0.6234
"08/11/2020",0.6303
"08/12/2020",0.6184
"08/13/2020",0.6243
"08/14/2020",0.6229
"08/17/2020",0.6262
"08/18/2020",0.6239
"08/19/2020",0.6321
"08/20/2020",0.6392
"08/21/2020",0.6373
"08/24/2020",0.6516
"08/25/2020",0.6498
"08/26/2020",0.6498
"08/27/2020",0.6476
"08/28/2020",0.6437
"08/31/2020",0.6441
"09/01/2020",0.6466
"09/02/2020",0.6418
"09/03/2020",0.6356
"09/04/2020",0.6412
"09/07/2020",0.6412
"09/08/2020",0.6319
"09/09/2020",0.6335
"09/10/2020",0.6396
"09/11/2020",0.6406
"09/14/2020",0.6546
"09/15/2020",0.6539
"09/16/2020",0.6497
"09/17/2020",0.6435
"09/18/2020",0.6416
"09/21/2020",0.6374
"09/22/2020",0.6384
"09/23/2020",0.6376
"09/24/2020",0.6397
"09/25/2020",0.6492
"09/28/2020",0.6492
"09/29/2020",0.6477
"09/30/2020",0.6553
"10/01/2020",0.6591
"10/02/2020",0.6582
"10/05/2020",0.6603
"10/06/2020",0.6686
"10/07/2020",0.6759
"10/08/2020",0.6749
"10/09/2020",0.6764
"10/12/2020",0.6837
"10/13/2020",0.6883
"10/14/2020",0.6893
"10/15/2020",0.6922
"10/16/2020",0.6992
"10/19/2020",0.7116
"10/20/2020",0.7102
"10/21/2020",0.7104
"10/22/2020",0.7194
"10/23/2020",0.7129
"10/26/2020",0.7211
"10/27/2020",0.7203
"10/28/2020",0.7017
"10/29/2020",0.6982
"10/30/2020",0.6892
"11/02/2020",0.6873
"11/03/2020",0.7024
"11/04/2020",0.7023
"11/05/2020",0.7007
"11/06/2020",0.6862
"11/09/2020",0.7
"11/10/2020",0.6985
"11/11/2020",0.6928
"11/12/2020",0.6848
"11/13/2020",0.6846
"11/16/2020",0.6957
"11/17/2020",0.6911
"11/18/2020",0.6968
"11/19/2020",0.6932
"11/20/2020",0.7088
"11/23/2020",0.7215
"11/24/2020",0.7153
"11/25/2020",0.7111
"11/26/2020",0.7142
"11/27/2020",0.7262
"11/30/2020",0.7184
"12/01/2020",0.7219
"12/02/2020",0.716
"12/03/2020",0.7111
"12/04/2020",0.7157
"12/07/2020",0.7238
"12/08/2020",0.7198
"12/09/2020",0.7305
"12/10/2020",0.7426
"12/11/2020",0.7408
"12/14/2020",0.7467
"12/15/2020",0.7559
"12/16/2020",0.7565
"12/17/2020",0.7719
"12/18/2020",0.7716
"12/21/2020",0.7476
"12/22/2020",0.7482
"12/23/2020",0.7614
"12/24/2020",0.762
"12/28/2020",0.7635
"12/29/2020",0.7701
"12/30/2020",0.7797
"12/31/2020",0.7812
"01/04/2021",0.7897
"01/05/2021",0.8035
"01/06/2021",0.8006
"01/07/2021",0.7976
"01/08/2021",0.7977
"01/11/2021",0.8043
"01/12/2021",0.817
"01/13/2021",0.8092
"01/14/2021",0.8115
"01/15/2021",0.807
"01/18/2021",0.807
"01/19/2021",0.8115
"01/20/2021",0.8159
"01/21/2021",0.8257
"01/22/2021",0.8156
"01/25/2021",0.8233
"01/26/2021",0.8171
"01/27/2021",0.8084
"01/28/2021",0.7993
"01/29/2021",0.8064
"02/01/2021",0.8003
"02/02/2021",0.8069
"02/03/2021",0.8099
"02/04/2021",0.8428
"02/05/2021",0.8274
"02/08/2021",0.8428
"02/09/2021",0.8693
"02/10/2021",0.8467
"02/11/2021",0.8641
"02/12/2021",0.8727
"02/15/2021",0.8727
"02/16/2021",0.8812
"02/17/2021",0.8836
"02/18/2021",0.8873
"02/19/2021",0.8895
"02/22/2021",0.9091
"02/23/2021",0.9163
"02/24/2021",0.9287
"02/25/2021",0.8911
"02/26/2021",0.8863
"03/01/2021",0.9157
"03/02/2021",0.9099
"03/03/2021",0.8845
"03/04/2021",0.8714
"03/05/2021",0.8776
"03/08/2021",0.8832
"03/09/2021",0.8432
"03/10/2021",0.8522
"03/11/2021",0.8835
"03/12/2021",0.8756
"03/15/2021",0.8672
"03/16/2021",0.8692
"03/17/2021",0.8651
"03/18/2021",0.8545
"03/19/2021",0.8468
"03/22/2021",0.8462
"03/23/2021",0.8353
"03/24/2021",0.8244
"03/25/2021",0.7844
"03/26/2021",0.8038
"03/29/2021",0.8049
"03/30/2021",0.8064
"03/31/2021",0.8088
"04/01/2021",0.7795
"04/05/2021",0.7788
"04/06/2021",0.7922
"04/07/2021",0.795
"04/08/2021",0.8141
"04/09/2021",0.824
"04/12/2021",0.8014
"04/13/2021",0.8182
"04/14/2021",0.842
"04/15/2021",0.8502
"04/16/2021",0.8371
"04/19/2021",0.8326
"04/20/2021",0.8377
"04/21/2021",0.8483
"04/22/2021",0.8464
"04/23/2021",0.8751
"04/26/2021",0.8786
"04/27/2021",0.9034
"04/28/2021",0.8905
"04/29/2021",0.8628
"04/30/2021",0.8795
"05/03/2021",0.8786
"05/04/2021",0.8717
"05/05/2021",0.8733
"05/06/2021",0.9058
"05/07/2021",0.8966
"05/10/2021",0.8847
"05/11/2021",0.8775
"05/12/2021",0.8823
"05/13/2021",0.8498
"05/14/2021",0.8243
"05/17/2021",0.8232
"05/18/2021",0.8401
"05/19/2021",0.8292
"05/20/2021",0.8153
"05/21/2021",0.8282
"05/24/2021",0.8282
"05/25/2021",0.8271
"05/26/2021",0.8244
"05/27/2021",0.8261
"05/28/2021",0.8212
"05/31/2021",0.8212
"06/01/2021",0.8425
"06/02/2021",0.8377
"06/03/2021",0.8421
"06/04/2021",0.858
"06/07/2021",0.8436
"06/08/2021",0.8514
"06/09/2021",0.8662
"06/10/2021",0.8736
"06/11/2021",0.87
"06/14/2021",0.8495
"06/15/2021",0.8528
"06/16/2021",0.8533
"06/17/2021",0.8417
"06/18/2021",0.8442
"06/21/2021",0.8409
"06/22/2021",0.8422
"06/23/2021",0.8646
"06/24/2021",0.8603
"06/25/2021",0.8675
"06/28/2021",0.873
"06/29/2021",0.8748
"06/30/2021",0.8521
"07/01/2021",0.8649
"07/02/2021",0.8751
"07/05/2021",0.8751
"07/06/2021",0.8786
"07/07/2021",0.8808
"07/08/2021",0.8733
"07/09/2021",0.8799
"07/12/2021",0.8847
"07/13/2021",0.8877
"07/14/2021",0.9057
"07/15/2021",0.8984
"07/16/2021",0.907
"07/19/2021",0.8711
"07/20/2021",0.8887
"07/21/2021",0.8909
"07/22/2021",0.9027
"07/23/2021",0.9032
"07/26/2021",0.9029
"07/27/2021",0.9074
"07/28/2021",0.9091
"07/29/2021",0.9076
"07/30/2021",0.8983
"08/02/2021",0.9007
"08/03/2021",0.903
"08/04/2021",0.9072
"08/05/2021",0.9117
"08/06/2021",0.9242
"08/09/2021",0.913
"08/10/2021",0.9274
"08/11/2021",0.9164
"08/12/2021",0.9377
"08/13/2021",0.9521
"08/16/2021",0.9485
"08/17/2021",0.957
"08/18/2021",0.9552
"08/19/2021",0.9347
"08/20/2021",0.939
"08/23/2021",0.9454
"08/24/2021",0.9576
"08/25/2021",0.9595
"08/26/2021",0.9536
"08/27/2021",0.9627
"08/30/2021",0.9561
"08/31/2021",0.9391
"09/01/2021",0.9415
"09/02/2021",0.9514
"09/03/2021",0.9562
"09/06/2021",0.9562
"09/07/2021",0.9541
"09/08/2021",0.952
"09/09/2021",0.9456
"09/10/2021",0.9523
"09/13/2021",0.9441
"09/14/2021",0.9496
"09/15/2021",0.9467
"09/16/2021",0.9341
"09/17/2021",0.9332
"09/20/2021",0.8989
"09/21/2021",0.9118
"09/22/2021",0.9183
"09/23/2021",0.9331
"09/24/2021",0.9685
"09/27/2021",0.9874
"09/28/2021",1.0056
"09/29/2021",1.0274
"09/30/2021",1.062
"10/01/2021",1.0453
"10/04/2021",1.0493
"10/05/2021",1.0893
"10/06/2021",1.1106
"10/07/2021",1.1161
"10/08/2021",1.106
"10/11/2021",1.0979
"10/12/2021",1.0638
"10/13/2021",1.0386
"10/14/2021",1.071
"10/15/2021",1.0733
"10/18/2021",1.0704
"10/19/2021",1.0783
"10/20/2021",1.1073
"10/21/2021",1.0614
"10/22/2021",1.0826
"10/25/2021",1.0854
"10/26/2021",1.0871
"10/27/2021",1.1052
"10/28/2021",1.1373
"10/29/2021",1.1485
"11/01/2021",1.1984
"11/02/2021",1.1725
"11/03/2021",1.1882
"11/04/2021",1.1646
"11/05/2021",1.1687
"11/08/2021",1.1655
"11/09/2021",1.1938
"11/10/2021",1.1868
"11/11/2021",1.1854
"11/12/2021",1.1769
"11/15/2021",1.1762
"11/16/2021",1.1798
"11/17/2021",1.197
"11/18/2021",1.1759
"11/19/2021",1.1922
"11/22/2021",1.1771
"11/23/2021",1.2036
"11/24/2021",1.2038
"11/25/2021",1.1946
"11/26/2021",1.1467
"11/29/2021",1.1351
"11/30/2021",1.0746
"12/01/2021",1.0419
"12/02/2021",1.037
"12/03/2021",1.042
"12/06/2021",1.0701
"12/07/2021",1.0637
"12/08/2021",1.0672
"12/09/2021",1.0659
"12/10/2021",1.0623
"12/13/2021",1.0681
"12/14/2021",1.059
"12/15/2021",1.0579
"12/16/2021",1.0968
"12/17/2021",1.073
"12/20/2021",1.0554
"12/21/2021",1.0727
"12/22/2021",1.0883
"12/23/2021",1.0912
"12/24/2021",1.0912
"12/27/2021",1.1228
"12/28/2021",1.1005
"12/29/2021",1.1299
"12/30/2021",1.1434
"12/31/2021",1.126
"01/03/2022",1.1323
"01/04/2022",1.1639
"01/05/2022",1.1628
"01/06/2022",1.1472
"01/07/2022",1.1512
"01/10/2022",1.1522
"01/11/2022",1.1602
"01/12/2022",1.1764
"01/13/2022",1.1684
"01/14/2022",1.197
"01/17/2022",1.197
"01/18/2022",1.2108
"01/19/2022",1.2395
"01/20/2022",1.2287
"01/21/2022",1.2075
"01/24/2022",1.2038
"01/25/2022",1.2092
"01/26/2022",1.2233
"01/27/2022",1.2163
"01/28/2022",1.2376
"01/31/2022",1.2757
"02/01/2022",1.2733
"02/02/2022",1.2633
"02/03/2022",1.2762
"02/04/2022",1.2674
"02/07/2022",1.2557
"02/08/2022",1.2715
"02/09/2022",1.2643
"02/10/2022",1.2566
"02/11/2022",1.2528
"02/14/2022",1.2293
"02/15/2022",1.2304
"02/16/2022",1.2191
"02/17/2022",1.2193
"02/18/2022",1.2299
"02/21/2022",1.2299
"02/22/2022",1.2111
"02/23/2022",1.2218
"02/24/2022",1.2122
"02/25/2022",1.2003
"02/28/2022",1.1981
"03/01/2022",1.2275
"03/02/2022",1.1854
"03/03/2022",1.198
"03/04/2022",1.1642
"03/07/2022",1.1694
"03/08/2022",1.1797
"03/09/2022",1.1747
"03/10/2022",1.1686
"03/11/2022",1.2103
"03/14/2022",1.1877
"03/15/2022",1.186
"03/16/2022",1.198
"03/17/2022",1.2186
"03/18/2022",1.2686
"03/21/2022",1.3001
"03/22/2022",1.3004
"03/23/2022",1.3003
"03/24/2022",1.309
"03/25/2022",1.359
"03/28/2022",1.3907
"03/29/2022",1.3681
"03/30/2022",1.3984
"03/31/2022",1.3569
"04/01/2022",1.3455
"04/04/2022",1.3794
"04/05/2022",1.3753
"04/06/2022",1.3569
"04/07/2022",1.332
"04/08/2022",1.3241
"04/11/2022",1.3529
"04/12/2022",1.3851
"04/13/2022",1.4277
"04/14/2022",1.4198
"04/18/2022",1.4474
"04/19/2022",1.3968
"04/20/2022",1.4039
"04/21/2022",1.3859
"04/22/2022",1.3946
"04/25/2022",1.4141
"04/26/2022",1.4116
"04/27/2022",1.4392
"04/28/2022",1.4984
"04/29/2022",1.4697
"05/02/2022",1.5081
"05/03/2022",1.5008
"05/04/2022",1.5476
"05/05/2022",1.4876
"05/06/2022",1.4361
"05/09/2022",1.4293
"05/10/2022",1.4294
"05/11/2022",1.436
"05/12/2022",1.4553
"05/13/2022",1.452
"05/16/2022",1.5065
"05/17/2022",1.4846
"05/18/2022",1.4447
"05/19/2022",1.477
"05/20/2022",1.4227
"05/23/2022",1.4275
"05/24/2022",1.4154
"05/25/2022",1.4516
"05/26/2022",1.4061
"05/27/2022",1.3942
"05/30/2022",1.3942
"05/31/2022",1.3898
"06/01/2022",1.3606
"06/02/2022",1.3911
"06/03/2022",1.3818
"06/06/2022",1.3774
"06/07/2022",1.3695
"06/08/2022",1.4062
"06/09/2022",1.4651
"06/10/2022",1.4506
"06/13/2022",1.4566
"06/14/2022",1.4348
"06/15/2022",1.4318
"06/16/2022",1.4353
"06/17/2022",1.4345
"06/20/2022",1.4345
"06/21/2022",1.4351
"06/22/2022",1.4332
"06/23/2022",1.3632
"06/24/2022",1.0376
"06/27/2022",0.9994
"06/28/2022",1.0196
"06/29/2022",1.0295
"06/30/2022",1.0492
"07/01/2022",1.0498
"07/04/2022",1.0898
"07/05/2022",1.0897
"07/06/2022",1.0895
"07/07/2022",1.0897
"07/08/2022",1.0894
"07/11/2022",1.0295
"07/12/2022",1.0093
"07/13/2022",0.9899
"07/14/2022",0.9393
"07/15/2022",0.9194
"07/18/2022",0.9597
"07/19/2022",1
"07/20/2022",1
"07/21/2022",1
"07/22/2022",0.99
"07/25/2022",0.97
"07/26/2022",1
"07/27/2022",0.99
"07/28/2022",1.02
"07/29/2022",1.03
"08/01/2022",1
"08/02/2022",1.01
"08/03/2022",1
"08/04/2022",1
"08/05/2022",1.01
"08/08/2022",1.02
"08/09/2022",1.05
"08/10/2022",1.06
"08/11/2022",1.1
"08/12/2022",1.14
"08/15/2022",1.19
"08/16/2022",1.22
"08/17/2022",1.18
"08/18/2022",1.19
"08/19/2022",1.19
"08/22/2022",1.21
"08/23/2022",1.17
"08/24/2022",1.18
"08/25/2022",1.18
"08/26/2022",1.22
"08/29/2022",1.22
"08/30/2022",1.17
"08/31/2022",1.19
"09/01/2022",1.13
"09/02/2022",1.09
"09/05/2022",1.09
"09/06/2022",1.09
"09/07/2022",1.07
"09/08/2022",1.09
"09/09/2022",1.09
"09/12/2022",1.09
"09/13/2022",1.06
"09/14/2022",1.06
"09/15/2022",1.06
"09/16/2022",1.02
"09/19/2022",1.02
"09/20/2022",0.94
"09/21/2022",0.97
"09/22/2022",0.97
"09/23/2022",0.94
"09/26/2022",0.94
"09/27/2022",0.94
"09/28/2022",0.94
"09/29/2022",0.94
"09/30/2022",0.93
"10/03/2022",0.93
"10/04/2022",0.93
"10/05/2022",0.93
"10/06/2022",0.93
"10/07/2022",0.93
"10/10/2022",0.88
"10/11/2022",0.88
"10/12/2022",0.85
"10/13/2022",0.85
"10/14/2022",0.83
"10/17/2022",0.83
"10/18/2022",0.82
"10/19/2022",0.78
"10/20/2022",0.78
"10/21/2022",0.79
"10/24/2022",0.76
"10/25/2022",0.78
"10/26/2022",0.78
"10/27/2022",0.75
"10/28/2022",0.72
"10/31/2022",0.72
"11/01/2022",0.75
"11/02/2022",0.79
"11/03/2022",0.83
"11/04/2022",0.87
"11/07/2022",0.87
"11/08/2022",0.88
"11/09/2022",0.86
"11/10/2022",0.87
"11/11/2022",0.88
"11/14/2022",0.85
"11/15/2022",0.89
"11/16/2022",0.88
"11/17/2022",0.87
"11/18/2022",0.85
"11/21/2022",0.81
"11/22/2022",0.84
"11/23/2022",0.84
"11/24/2022",0.84
"11/25/2022",0.83
"11/28/2022",0.8
"11/29/2022",0.81
"11/30/2022",0.86
"12/01/2022",0.86
"12/02/2022",0.86
"12/05/2022",0.85
"12/06/2022",0.86
"12/07/2022",0.86
"12/08/2022",0.86
"12/09/2022",0.86
"12/12/2022",0.86
"12/13/2022",0.86
"12/14/2022",0.86
"12/15/2022",0.86
"12/16/2022",0.86
"12/19/2022",0.86
"12/20/2022",0.88
"12/21/2022",0.88
"12/22/2022",0.84
"12/23/2022",0.85
"12/26/2022",0.85
"12/27/2022",0.84
"12/28/2022",0.83
"12/29/2022",0.83
"12/30/2022",0.83
"01/02/2023",0.83
"01/03/2023",0.83
"01/04/2023",0.8
"01/05/2023",0.83
"01/06/2023",0.86
"01/09/2023",0.86
"01/10/2023",0.85
"01/11/2023",0.84
"01/12/2023",0.82
"01/13/2023",0.82
"01/16/2023",0.82
"01/17/2023",0.83
"01/18/2023",0.85
"01/19/2023",0.84
"01/20/2023",0.87
"01/23/2023",0.87
"01/24/2023",0.86
"01/25/2023",0.87
"01/26/2023",0.87
"01/27/2023",0.87
"01/30/2023",0.85
"01/31/2023",0.86
"02/01/2023",0.86
"02/02/2023",0.86
"02/03/2023",0.85
"02/06/2023",0.83
"02/07/2023",0.85
"02/08/2023",0.85
"02/09/2023",0.86
"02/10/2023",0.85
"02/13/2023",0.86
"02/14/2023",0.86
"02/15/2023",0.83
"02/16/2023",0.81
"02/17/2023",0.8
"02/20/2023",0.8
"02/21/2023",0.81
"02/22/2023",0.83
"02/23/2023",0.82
"02/24/2023",0.83
"02/27/2023",0.83
"02/28/2023",0.84
"03/01/2023",0.84
"03/02/2023",0.84
"03/03/2023",0.84
"03/06/2023",0.84
"03/07/2023",0.83
"03/08/2023",0.83
"03/09/2023",0.83
"03/10/2023",0.78
"03/13/2023",0.81
"03/14/2023",0.81
"03/15/2023",0.79
"03/16/2023",0.79
"03/17/2023",0.78
"03/20/2023",0.77
"03/21/2023",0.78
"03/22/2023",0.78
"03/23/2023",0.77
"03/24/2023",0.77
"03/27/2023",0.8
"03/28/2023",0.83
"03/29/2023",0.83
"03/30/2023",0.84
"03/31/2023",0.83
"04/03/2023",0.82
"04/04/2023",0.81
"04/05/2023",0.81
"04/06/2023",0.83
"04/07/2023",0.83
"04/10/2023",0.82
"04/11/2023",0.83
"04/12/2023",0.83
"04/13/2023",0.83
"04/14/2023",0.83
"04/17/2023",0.83
"04/18/2023",0.84
"04/19/2023",0.83
"04/20/2023",0.79
"04/21/2023",0.78
"04/24/2023",0.8
"04/25/2023",0.76
"04/26/2023",0.76
"04/27/2023",0.76
"04/28/2023",0.81
"05/01/2023",0.81
"05/02/2023",0.81
"05/03/2023",0.81
"05/04/2023",0.81
"05/05/2023",0.84
"05/08/2023",0.84
"05/09/2023",0.81
"05/10/2023",0.81
"05/11/2023",0.8
"05/12/2023",0.8
"05/15/2023",0.83
"05/16/2023",0.83
"05/17/2023",0.87
"05/18/2023",0.87
"05/19/2023",0.87
"05/22/2023",0.85
"05/23/2023",0.84
"05/24/2023",0.82
"05/25/2023",0.8
"05/26/2023",0.84
"05/29/2023",0.84
"05/30/2023",0.84
"05/31/2023",0.84
"06/01/2023",0.87
"06/02/2023",0.86
"06/05/2023",0.85
"06/06/2023",0.85
"06/07/2023",0.85
"06/08/2023",0.84
"06/09/2023",0.84
"06/12/2023",0.83
"06/13/2023",0.83
"06/14/2023",0.82
"06/15/2023",0.81
"06/16/2023",0.81
"06/19/2023",0.81
"06/20/2023",0.81
"06/21/2023",0.79
"06/22/2023",0.79
"06/23/2023",0.78
"06/26/2023",0.81
"06/27/2023",0.8
"06/28/2023",0.8
"06/29/2023",0.8
"06/30/2023",0.8
"07/03/2023",0.83
"07/04/2023",0.83
"07/05/2023",0.84
"07/06/2023",0.84
"07/07/2023",0.84
"07/10/2023",0.8
"07/11/2023",0.83
"07/12/2023",0.82
"07/13/2023",0.83
"07/14/2023",0.83
"07/17/2023",0.82
"07/18/2023",0.84
"07/19/2023",0.85
"07/20/2023",0.86
"07/21/2023",0.85
"07/24/2023",0.86
"07/25/2023",0.89
"07/26/2023",0.89
"07/27/2023",0.86
"07/28/2023",0.85
"07/31/2023",0.86
"08/01/2023",0.87
"08/02/2023",0.85
"08/03/2023",0.85
"08/04/2023",0.86
"08/07/2023",0.86
"08/08/2023",0.86
"08/09/2023",0.85
"08/10/2023",0.87
"08/11/2023",0.9
"08/14/2023",0.88
"08/15/2023",0.86
"08/16/2023",0.85
"08/17/2023",0.85
"08/18/2023",0.85
"08/21/2023",0.86
"08/22/2023",0.85
"08/23/2023",0.86
"08/24/2023",0.86
"08/25/2023",0.88
"08/28/2023",0.87
"08/29/2023",0.87
"08/30/2023",0.88
"08/31/2023",0.88
"09/01/2023",0.9
"09/04/2023",0.9
"09/05/2023",0.88
"09/06/2023",0.86
"09/07/2023",0.84
"09/08/2023",0.85
"09/11/2023",0.87
"09/12/2023",0.88
"09/13/2023",0.86
"09/14/2023",0.86
"09/15/2023",0.85
"09/18/2023",0.86
"09/19/2023",0.87
"09/20/2023",0.85
"09/21/2023",0.85
"09/22/2023",0.85
"09/25/2023",0.85
"09/26/2023",0.85
"09/27/2023",0.85
"09/28/2023",0.89
"09/29/2023",0.85
"10/02/2023",0.85
"10/03/2023",0.85
"10/04/2023",0.85
"10/05/2023",0.85
"10/06/2023",0.85
"10/09/2023",0.87
"10/10/2023",0.85
"10/11/2023",0.85
"10/12/2023",0.85
"10/13/2023",0.86
"10/16/2023",0.85
"10/17/2023",0.83
"10/18/2023",0.84
"10/19/2023",0.84
"10/20/2023",0.82
"10/23/2023",0.84
"10/24/2023",0.83
"10/25/2023",0.84
"10/26/2023",0.85
"10/27/2023",0.84
"10/30/2023",0.83
"10/31/2023",0.81
"11/01/2023",0.79
"11/02/2023",0.8
"11/03/2023",0.8
"11/06/2023",0.78
"11/07/2023",0.76
"11/08/2023",0.75
"11/09/2023",0.76
"11/10/2023",0.77
"11/13/2023",0.77
"11/14/2023",0.78
"11/15/2023",0.78
"11/16/2023",0.79
"11/17/2023",0.79
"11/20/2023",0.78
"11/24/2023",0.8
"11/27/2023",0.8
"11/28/2023",0.8
"11/29/2023",0.79
"11/30/2023",0.79
"12/01/2023",0.8
"12/04/2023",0.79
"12/05/2023",0.78
"12/06/2023",0.78
"12/07/2023",0.83
"12/08/2023",0.82
"12/11/2023",0.82
"12/12/2023",0.81
"12/13/2023",0.81
"12/14/2023",0.81
"12/15/2023",0.8
"12/18/2023",0.79
"12/19/2023",0.79
"12/20/2023",0.79
"12/21/2023",0.79
"12/22/2023",0.8
"12/25/2023",0.8
"12/26/2023",0.8
"12/27/2023",0.81
"12/28/2023",0.81
"12/29/2023",0.81
"01/01/2024",0.81
"01/02/2024",0.8
"01/03/2024",0.81
"01/04/2024",0.8
"01/05/2024",0.8
"01/08/2024",0.8
"01/09/2024",0.81
"01/10/2024",0.8
"01/11/2024",0.81
"01/12/2024",0.81
"01/15/2024",0.81
"01/16/2024",0.81
"01/17/2024",0.82
"01/18/2024",0.82
"01/19/2024",0.84
"01/22/2024",0.85
"01/23/2024",0.85
"01/24/2024",0.85
"01/25/2024",0.86
"01/26/2024",0.84
"01/29/2024",0.84
"01/30/2024",0.85
"01/31/2024",0.85
"02/01/2024",0.87
"02/02/2024",0.87
"02/05/2024",0.87
"02/06/2024",0.87
"02/07/2024",0.89
"02/08/2024",0.89
"02/09/2024",0.92
"02/12/2024",0.9
"02/13/2024",0.91
"02/14/2024",0.93
"02/15/2024",0.95
"02/16/2024",0.94
"02/19/2024",0.94
"02/20/2024",0.91
"02/21/2024",0.93
"02/22/2024",0.94
"02/23/2024",0.95
"02/26/2024",0.96
"02/27/2024",0.99
"02/28/2024",1.07
"02/29/2024",1.07
"03/01/2024",1.07
"03/04/2024",0.99
"03/05/2024",0.99
"03/06/2024",0.99
"03/07/2024",0.99
"03/08/2024",0.95
"03/11/2024",0.95
"03/12/2024",0.95
"03/13/2024",0.95
"03/14/2024",0.94
"03/15/2024",0.94
"03/18/2024",0.95
"03/19/2024",0.93
"03/20/2024",0.92
"03/21/2024",0.92
"03/22/2024",0.92
"03/25/2024",0.92
"03/26/2024",0.93
"03/27/2024",0.91
"03/28/2024",0.91
"03/29/2024",0.91
"04/01/2024",0.93
"04/02/2024",0.91
"04/03/2024",0.89
"04/04/2024",0.87
"04/05/2024",0.86
"04/08/2024",0.87
"04/09/2024",0.86
"04/10/2024",0.85
"04/11/2024",0.85
"04/12/2024",0.83
"04/15/2024",0.83
"04/16/2024",0.83
"04/17/2024",0.81
"04/18/2024",0.8
"04/19/2024",0.78
"04/22/2024",0.79
"04/23/2024",0.8
"04/24/2024",0.8
"04/25/2024",0.8
"04/26/2024",0.8
"04/29/2024",0.8
"04/30/2024",0.79
"05/01/2024",0.79
"05/02/2024",0.79
"05/03/2024",0.79
"05/06/2024",0.79
"05/07/2024",0.79
"05/08/2024",0.79
"05/09/2024",0.78
"05/10/2024",0.77
"05/13/2024",0.78
"05/14/2024",0.75
"05/15/2024",0.75
"05/16/2024",0.76
"05/17/2024",0.76
"05/20/2024",0.76
"05/21/2024",0.76
"05/22/2024",0.79
"05/23/2024",0.82
"05/24/2024",0.8
"05/27/2024",0.8
"05/28/2024",0.82
"05/29/2024",0.81
"05/30/2024",0.78
"05/31/2024",0.76
"06/03/2024",0.73
"06/04/2024",0.73
"06/05/2024",0.74
"06/06/2024",0.74
"06/07/2024",0.76
"06/10/2024",0.72
"06/11/2024",0.73
"06/12/2024",0.72
"06/13/2024",0.71
"06/14/2024",0.71
"06/17/2024",0.7
"06/18/2024",0.71
"06/19/2024",0.71
"06/20/2024",0.71
"06/21/2024",0.69
"06/24/2024",0.69
"06/25/2024",0.74
"06/26/2024",0.73
"06/27/2024",0.73
"06/28/2024",0.73
"07/01/2024",0.72
"07/02/2024",0.72
"07/03/2024",0.72
"07/04/2024",0.72
"07/05/2024",0.72
"07/08/2024",0.72
"07/09/2024",0.72
"07/10/2024",0.7
"07/11/2024",0.69
"07/12/2024",0.69
"07/15/2024",0.71
"07/16/2024",0.7
"07/17/2024",0.71
"07/18/2024",0.72
"07/19/2024",0.7
"07/22/2024",0.7
"07/23/2024",0.68
"07/24/2024",0.67
"07/25/2024",0.67
"07/26/2024",0.66
"07/29/2024",0.68
"07/30/2024",0.68
"07/31/2024",0.68
"08/01/2024",0.67
"08/02/2024",0.67
"08/05/2024",0.67
"08/06/2024",0.67
"08/07/2024",0.67
"08/08/2024",0.66
"08/09/2024",0.67
"08/12/2024",0.69
"08/13/2024",0.69
"08/14/2024",0.67
"08/15/2024",0.67
"08/16/2024",0.67
"08/19/2024",0.68
"08/20/2024",0.69
"08/21/2024",0.7
"08/22/2024",0.69
"08/23/2024",0.71
"08/26/2024",0.71
"08/27/2024",0.7
"08/28/2024",0.7
"08/29/2024",0.7
"08/30/2024",0.7
"09/02/2024",0.7
"09/03/2024",0.71
"09/04/2024",0.7
"09/05/2024",0.69
"09/06/2024",0.67
"09/09/2024",0.67
"09/10/2024",0.68
"09/11/2024",0.69
"09/12/2024",0.69
"09/13/2024",0.69
"09/16/2024",0.71
"09/17/2024",0.7
"09/18/2024",0.7
"09/19/2024",0.7
"09/20/2024",0.72
"09/23/2024",0.72
"09/24/2024",0.72
"09/25/2024",0.72
"09/26/2024",0.74
"09/27/2024",0.74
"09/30/2024",0.74
"10/01/2024",0.74
"10/02/2024",0.74
"10/03/2024",0.74
"10/04/2024",0.74
"10/07/2024",0.74
"10/08/2024",0.74
"10/09/2024",0.74
"10/10/2024",0.74
"10/11/2024",0.72
"10/14/2024",0.71
"10/15/2024",0.71
"10/16/2024",0.71
"10/17/2024",0.71
"10/18/2024",0.71
"10/21/2024",0.72
"10/22/2024",0.72
"10/23/2024",0.72
"10/24/2024",0.72
"10/25/2024",0.72
"10/28/2024",0
"10/29/2024",0.71
"10/30/2024",0.7
"10/31/2024",0.7
"11/01/2024",0.7
"11/04/2024",0.7
"11/05/2024",0.7
"11/06/2024",0.7
"11/07/2024",0.71
"11/08/2024",0.71
"11/11/2024",0.7
"11/12/2024",0.7
"11/13/2024",0.69
"11/14/2024",0.68
"11/15/2024",0.67
"11/18/2024",0.67
"11/19/2024",0.67
"11/20/2024",0.67
"11/21/2024",0.69
"11/22/2024",0.71
"11/25/2024",0.71
"11/26/2024",0.73
"11/27/2024",0.74
"11/28/2024",0.74
"11/29/2024",0.73
"12/02/2024",0.73
"12/03/2024",0.72
"12/04/2024",0.73
"12/05/2024",0.73
"12/06/2024",0.73
"12/09/2024",0.7
"12/10/2024",0.69
"12/11/2024",0.7
"12/12/2024",0.7
"12/13/2024",0.7
"12/16/2024",0.69
"12/17/2024",0.69
"12/18/2024",0.69
"12/19/2024",0.68
"12/20/2024",0.68
"12/23/2024",0.69
"12/24/2024",0.69
"12/25/2024",0.69
"12/26/2024",0.69
"12/27/2024",0.69
"12/30/2024",0.68
"12/31/2024",0.68
"01/01/2025",0.68
"01/02/2025",0.68
"01/03/2025",0.69
"01/06/2025",0.69
"01/07/2025",0.69
"01/08/2025",0.69
"01/09/2025",0.68
"01/10/2025",0.67
"01/13/2025",0.68
"01/14/2025",0.68
"01/15/2025",0.68
"01/16/2025",0.68
"01/17/2025",0.68
"01/20/2025",0.68
"01/21/2025",0.68
"01/22/2025",0.67
"01/23/2025",0.68
"01/24/2025",0.68
"01/27/2025",0.67
"01/28/2025",0.67
"01/29/2025",0.67
"01/30/2025",0.67
"01/31/2025",0.66
"02/03/2025",0.66
"02/04/2025",0.67
"02/05/2025",0.66
"02/06/2025",0.66
"02/07/2025",0.66
"02/10/2025",0.67
"02/11/2025",0.67
"02/12/2025",0.67
"02/13/2025",0.67
"02/14/2025",0.67
"02/17/2025",0.67
"02/18/2025",0.68
"02/19/2025",0.66
"02/20/2025",0.66
"02/21/2025",0.66
"02/24/2025",0.66
"02/25/2025",0.66
"02/26/2025",0.66
"02/27/2025",0.66
"02/28/2025",0.66
"03/03/2025",0.65
"03/04/2025",0.64
"03/05/2025",0.62
"03/06/2025",0.62
"03/07/2025",0.62
"03/10/2025",0.66
"03/11/2025",0.66
"03/12/2025",0.67
"03/13/2025",0.67
"03/14/2025",0.67
"03/17/2025",0.67
"03/18/2025",0.66
"03/19/2025",0.66
"03/20/2025",0.66
"03/21/2025",0.65
"03/24/2025",0.65
"03/25/2025",0.65
"03/26/2025",0.65
"03/27/2025",0.67
"03/28/2025",0.67
"03/31/2025",0.67
"04/01/2025",0.68
"04/02/2025",0.68
"04/03/2025",0.65
"04/04/2025",0.63
"04/07/2025",0.66
"04/08/2025",0.66
"04/09/2025",0.67
"04/10/2025",0.67
"04/11/2025",0.66
"04/14/2025",0.64
"04/15/2025",0.65
"04/16/2025",0.66
"04/17/2025",0.66
"04/18/2025",0.66
"04/21/2025",0.66
"04/22/2025",0.67
"04/23/2025",0.69
"04/24/2025",0.69
"04/25/2025",0.67
"04/28/2025",0.67
"04/29/2025",0.67
"04/30/2025",0.66
"05/01/2025",0.66
"05/02/2025",0.66
"05/05/2025",0.7
"05/06/2025",0.74
"05/07/2025",0.74
"05/08/2025",0.67
"05/09/2025",0.67
"05/12/2025",0.67
"05/13/2025",0.67
"05/14/2025",0.66
"05/15/2025",0.65
"05/16/2025",0.65
"05/19/2025",0.66
"05/20/2025",0.66
"05/21/2025",0.66
"05/22/2025",0.66
"05/23/2025",0.66
"05/26/2025",0.66
"05/27/2025",0.66
"05/28/2025",0.65
"05/29/2025",0.65
"05/30/2025",0.65
"06/02/2025",0.66
"06/03/2025",0.66
"06/04/2025",0.65
"06/05/2025",0.65
"06/06/2025",0.66
"06/09/2025",0.66
"06/10/2025",0.65
"06/11/2025",0.65
"06/12/2025",0.65
"06/13/2025",0.65
"06/16/2025",0.65
"06/17/2025",0.65
"06/18/2025",0.65
"06/19/2025",0.65
"06/20/2025",0.64
"06/23/2025",0.64
"06/24/2025",0.64
"06/25/2025",0.67
"06/26/2025",0.67
"06/27/2025",0.68
"06/30/2025",0.68
"07/01/2025",0.68
"07/02/2025",0.68
"07/03/2025",0.68
"07/04/2025",0.68
"07/07/2025",0.68
"07/08/2025",0.68
"07/09/2025",0.68
"07/10/2025",0.68
"07/11/2025",0.66
"07/14/2025",0.66
"07/15/2025",0.66
"07/16/2025",0.67
"07/17/2025",0.67
"07/18/2025",0.67
"07/21/2025",0.67
"07/22/2025",0.67
"07/23/2025",0.67
"07/24/2025",0.67
"07/25/2025",0.67
"07/28/2025",0.67
"07/29/2025",0.67
"07/30/2025",0.66
"07/31/2025",0.66
"08/01/2025",0.66
"08/04/2025",0.65
"08/05/2025",0.65
"08/06/2025",0.66
"08/07/2025",0.66
"08/08/2025",0.65
"08/11/2025",0.65
"08/12/2025",0.65
"08/13/2025",0.67
"08/14/2025",0.67
"08/15/2025",0.66
"08/18/2025",0.66
"08/19/2025",0.67
"08/20/2025",0.66
"08/21/2025",0.66
"08/22/2025",0.66
"08/25/2025",0.66
"08/26/2025",0.5681
"08/27/2025",0.65
"08/28/2025",0.65
"08/29/2025",0.66
"09/01/2025",0.65
"09/02/2025",0.65
"09/03/2025",0.65
"09/04/2025",0.65
"09/05/2025",0.65
"09/08/2025",0.65
"09/09/2025",0.65
"09/10/2025",0.65
"09/11/2025",0.66
"09/12/2025",0.65
"09/15/2025",0.66
"09/16/2025",0.66
"09/17/2025",0.66
"09/18/2025",0.66
"09/19/2025",0.65
"09/22/2025",0.65
"09/23/2025",0.64
"09/24/2025",0.64
"09/25/2025",0.64
"09/26/2025",0.64
"09/29/2025",0.64
"09/30/2025",0.64
"10/01/2025",0.64
"10/02/2025",0.64
"10/03/2025",0.64
"10/06/2025",0.64
"10/07/2025",0.64
"10/08/2025",0.64
"10/09/2025",0.64
"10/10/2025",0.64
"10/13/2025",0.64
"10/14/2025",0.63
"10/15/2025",0.63
"10/16/2025",0.64
"10/17/2025",0.64
"10/20/2025",0.64
"10/21/2025",0.64
"10/22/2025",0.64
"10/23/2025",0.64
"10/24/2025",0.64
"10/27/2025",0.64
"10/28/2025",0.65
"10/29/2025",0.66
"10/30/2025",0.65
"10/31/2025",0.66
"11/03/2025",0.66
"11/04/2025",0.65
"11/05/2025",0.65
"11/06/2025",0.65
"11/07/2025",0.64
"11/10/2025",0.64
"11/11/2025",0.64
"11/12/2025",0.63
"11/13/2025",0.63
"11/14/2025",0.62
"11/17/2025",0.62
"11/18/2025",0.63
"11/19/2025",0.62
"11/20/2025",0.62
"11/21/2025",0.61
"11/24/2025",0.61
"11/25/2025",0.62
"11/26/2025",0.63
"11/27/2025",0.63
"11/28/2025",0.63
"12/01/2025",0.63
"12/02/2025",0.63
"12/03/2025",0.63
"12/04/2025",0.62
"12/05/2025",0.62
"12/08/2025",0.62
"12/09/2025",0.64
"12/10/2025",0.64
"12/11/2025",0.64
"12/12/2025",0.64
"12/15/2025",0.64
"12/16/2025",0.63
"12/17/2025",0.63
"12/18/2025",0.64
"12/19/2025",0.64
"12/22/2025",0.64
"12/23/2025",0.64
"12/24/2025",0.64
"12/25/2025",0.64
"12/26/2025",0.64
"12/29/2025",0.64
"12/30/2025",0.64
"12/31/2025",0.64
"01/01/2026",0.64
"01/02/2026",0.64
"01/05/2026",0.65
"01/06/2026",0.65
"01/07/2026",0.65
"01/08/2026",0.64
"01/09/2026",0.64
"01/12/2026",0.65
"01/13/2026",0.65
"01/14/2026",0.65
"01/15/2026",0.65
"01/16/2026",0.65
"01/19/2026",0.65
"01/20/2026",0.64
"01/21/2026",0.64
"01/22/2026",0.64
"01/23/2026",0.64
"01/26/2026",0.63
"01/27/2026",0.64
"01/28/2026",0.64
"01/29/2026",0.63
"01/30/2026",0.63
"02/02/2026",0.63
"02/03/2026",0.62
"02/04/2026",0.62
"02/05/2026",0.62
"02/06/2026",0.61
"02/09/2026",0.62
"02/10/2026",0.62
"02/11/2026",0.62
"02/12/2026",0.62
"02/13/2026",0.62
"02/16/2026",0.62
"02/17/2026",0.62
"02/18/2026",0.62
"02/19/2026",0.62
"02/20/2026",0.63
"02/23/2026",0.64
"02/24/2026",0.64
"02/25/2026",0.64
"02/26/2026",0.63
"02/27/2026",0.64
"03/02/2026",0.63
"03/03/2026",0.62
"03/04/2026",0.62
"03/05/2026",0.63
"03/06/2026",0.63
"03/09/2026",0.64
"03/10/2026",0.65